10498,3303,onwatch,1438882251
4,3303,onwatch,1439310696
4,3303,start,1439310701
4,3303,endat0,1439310712
4,3303,onwatch,1439310716
4,3303,start,1439310718
4,3303,half,1439310735
4,3303,endat91,1439310738
9537,3303,onwatch,1439314010
9537,3303,endat0,1439314067
9537,3303,onwatch,1439314068
9537,3303,endat0,1439314077
9537,3303,onwatch,1439314088
9537,3303,endat0,1439314107
9537,3303,endat0,1439314162
9537,3303,onwatch,1439314163
9537,3303,endat0,1439314179
14031,3303,onwatch,1439314760
14031,3303,start,1439314772
14031,3303,half,1439317539
14031,3303,finished,1439319982
14031,3303,endat100,1439321521
14073,3303,onwatch,1439323983
11764,3303,onwatch,1439324041
11764,3303,start,1439324045
14073,3303,onwatch,1439324077
14073,3303,onwatch,1439324274
14073,3303,start,1439324284
11764,3303,half,1439325836
11764,3303,endat59,1439325998
6150,3303,onwatch,1439360217
6150,3303,onwatch,1439360239
9193,3303,onwatch,1439369283
9193,3303,start,1439369295
9193,3303,half,1439373582
14073,3303,onwatch,1439384096
14073,3303,onwatch,1439384980
14073,3303,start,1439384986
14054,3303,onwatch,1439389944
14054,3303,onwatch,1439390014
14054,3303,start,1439390027
13140,3303,onwatch,1439396767
13140,3303,start,1439396788
13140,3303,endat26,1439399639
13598,3303,onwatch,1439419534
13598,3303,endat0,1439419542
13971,3303,onwatch,1439422972
13971,3303,start,1439422988
13971,3303,onwatch,1439430644
13971,3303,start,1439430646
8277,3303,onwatch,1439468798
8277,3303,start,1439468847
8277,3303,endat7,1439469676
14051,3303,onwatch,1439486542
14051,3303,start,1439486545
14051,3303,endat0,1439486639
10576,3303,onwatch,1439487386
10576,3303,endat0,1439487479
14051,3303,onwatch,1439487703
14051,3303,start,1439487706
14051,3303,endat0,1439487786
14051,3303,onwatch,1439487786
14051,3303,start,1439487789
12070,3303,onwatch,1439490209
12070,3303,endat0,1439490429
13505,3303,onwatch,1439498208
13505,3303,start,1439498225
13505,3303,endat23,1439499504
13505,3303,onwatch,1439499504
13505,3303,start,1439499509
13414,3303,onwatch,1439502150
13414,3303,start,1439502171
14016,3303,onwatch,1439526349
14016,3303,start,1439526364
14016,3303,half,1439529425
14016,3303,finished,1439532592
14016,3303,endat110,1439534475
13652,3303,onwatch,1439542640
13652,3303,start,1439542682
13652,3303,endat1,1439542728
12070,3303,onwatch,1439559545
12070,3303,endat0,1439559552
13414,3303,onwatch,1439560812
13414,3303,start,1439560814
13414,3303,endat14,1439561256
13505,3303,onwatch,1439562148
13505,3303,start,1439562151
13505,3303,endat27,1439562206
14088,3303,onwatch,1439563661
14088,3303,start,1439563677
14088,3303,half,1439563745
14088,3303,endat54,1439563764
13971,3303,onwatch,1439570365
13971,3303,start,1439570366
13971,3303,half,1439570815
13971,3303,endat68,1439571750
13971,3303,onwatch,1439571750
13971,3303,start,1439571752
12632,3303,onwatch,1439573257
12632,3303,start,1439573271
12632,3303,endat12,1439575768
13505,3303,onwatch,1439585956
13505,3303,onwatch,1439586027
13505,3303,onwatch,1439586064
14093,3303,onwatch,1439727615
14093,3303,endat0,1439727627
11607,3303,onwatch,1439737036
11607,3303,start,1439737143
11607,3303,endat14,1439740843
11607,3303,onwatch,1439797838
11607,3303,start,1439797849
11607,3303,endat15,1439799172
13505,3303,onwatch,1439804571
13505,3303,start,1439804575
13505,3303,half,1439806146
13505,3303,onwatch,1439808924
13505,3303,start,1439808928
13505,3303,half,1439808929
13505,3303,endat85,1439808985
13505,3303,endat99,1439809769
11607,3303,onwatch,1439815873
11607,3303,start,1439815884
11607,3303,half,1439818381
14099,3303,onwatch,1439820941
14099,3303,start,1439821238
11607,3303,endat98,1439822933
14099,3303,half,1439823650
13084,3303,onwatch,1439825271
13084,3303,start,1439825292
13084,3303,start,1439825302
14099,3303,finished,1439826057
14099,3303,endat100,1439827531
14101,3303,onwatch,1439844829
14101,3303,start,1439844844
5345,3303,onwatch,1439865244
14103,3303,onwatch,1439883448
14103,3303,start,1439883456
14103,3303,endat2,1439883560
4279,3303,onwatch,1439905547
6183,3303,onwatch,1439925085
6183,3303,start,1439925091
8737,3303,onwatch,1439926117
8737,3303,start,1439926475
8737,3303,half,1439926482
8737,3303,endat77,1439926547
13107,3303,onwatch,1439926580
12850,3303,onwatch,1439926946
8749,3303,onwatch,1439928295
10707,3303,onwatch,1439928444
12632,3303,onwatch,1439929633
12632,3303,start,1439929639
8749,3303,endat0,1439929938
10627,3303,onwatch,1439931454
10627,3303,start,1439931462
12850,3303,start,1439931638
5399,3303,onwatch,1439931734
12632,3303,endat16,1439935716
6800,3303,start,1439942000
9507,3303,onwatch,1439962901
9507,3303,start,1439962921
11231,3303,onwatch,1439963179
9507,3303,half,1439965333
11135,3303,onwatch,1439965600
11135,3303,start,1439965604
9507,3303,finished,1439967743
11231,3303,start,1439967839
9507,3303,endat100,1439973316
11231,3303,half,1439973560
6154,3303,onwatch,1439977706
6154,3303,start,1439977711
6154,3303,endat0,1439977717
6154,3303,endat0,1439977729
6154,3303,endat1,1439977738
14101,3303,endat44,1439983159
12850,3303,onwatch,1439986647
12850,3303,start,1439986654
12850,3303,onwatch,1439986970
12850,3303,onwatch,1439986981
12850,3303,start,1439986992
12850,3303,onwatch,1439987104
12850,3303,start,1439987122
12850,3303,onwatch,1439987152
12850,3303,onwatch,1439987163
12850,3303,start,1439987167
14113,3303,onwatch,1439991339
14113,3303,start,1439991348
14113,3303,endat3,1439991509
14113,3303,onwatch,1439991781
14113,3303,start,1439991803
14113,3303,endat3,1439992146
14113,3303,onwatch,1439992147
14113,3303,start,1439992161
14113,3303,endat3,1439992170
11795,3303,onwatch,1439992203
14113,3303,onwatch,1439992224
14113,3303,start,1439992263
14113,3303,endat2,1439992353
12788,3303,onwatch,1439994213
12788,3303,start,1439994239
9507,3303,onwatch,1439994942
9507,3303,start,1439994944
9507,3303,half,1439994946
9507,3303,finished,1439994968
9507,3303,endat99,1439997022
12788,3303,half,1439997287
9266,3303,onwatch,1439998728
9266,3303,start,1439998732
12788,3303,endat101,1440001160
9266,3303,half,1440001165
12788,3303,endat143,1440001166
9266,3303,endat97,1440003450
11992,3303,onwatch,1440004178
11992,3303,start,1440004192
4451,3303,onwatch,1440005334
4451,3303,start,1440005350
11992,3303,endat14,1440006104
11992,3303,onwatch,1440006111
11992,3303,start,1440006117
4451,3303,half,1440007991
8306,3303,onwatch,1440008210
8306,3303,start,1440008220
11992,3303,half,1440010146
8306,3303,half,1440010657
4451,3303,finished,1440011352
4451,3303,endat102,1440012229
8306,3303,endat133,1440015143
6800,3303,half,1440015709
6800,3303,endat114,1440020858
13898,3303,onwatch,1440028665
13898,3303,start,1440028679
12850,3303,onwatch,1440034737
12850,3303,start,1440034747
14117,3303,start,1440042636
14117,3303,endat1,1440042727
13964,3303,onwatch,1440064182
13964,3303,start,1440064203
13505,3303,onwatch,1440078916
13505,3303,start,1440078928
13505,3303,half,1440078929
13326,3303,onwatch,1440084643
13326,3303,start,1440084649
13326,3303,endat4,1440084879
13505,3303,onwatch,1440092393
13505,3303,start,1440092406
13505,3303,half,1440092407
13505,3303,endat77,1440093194
13505,3303,onwatch,1440093205
13505,3303,start,1440093275
13505,3303,half,1440093276
10627,3303,onwatch,1440103696
10627,3303,start,1440103702
12264,3303,onwatch,1440126565
12264,3303,onwatch,1440126608
14099,3303,onwatch,1440135121
14099,3303,start,1440135125
14099,3303,half,1440135150
14099,3303,endat99,1440135248
14099,3303,onwatch,1440135286
14099,3303,start,1440135288
14101,3303,onwatch,1440144151
14101,3303,start,1440144157
14101,3303,half,1440148785
14101,3303,endat140,1440158229
14101,3303,onwatch,1440158229
14101,3303,start,1440158234
14101,3303,half,1440158234
14101,3303,endat77,1440158259
14101,3303,onwatch,1440158260
14101,3303,half,1440158265
14101,3303,start,1440158265
14101,3303,endat167,1440159519
13644,3303,onwatch,1440166880
13644,3303,start,1440166893
13644,3303,endat2,1440167011
6576,3303,onwatch,1440168803
6576,3303,start,1440168823
6576,3303,half,1440171235
12935,3303,onwatch,1440179317
14101,3303,onwatch,1440179457
12935,3303,start,1440179482
14101,3303,half,1440179484
14101,3303,start,1440179484
13391,3303,onwatch,1440218560
13391,3303,start,1440218568
13391,3303,endat45,1440220111
13391,3303,onwatch,1440220115
13391,3303,start,1440220121
13391,3303,half,1440221345
14131,3303,onwatch,1440334715
14131,3303,start,1440334729
14131,3303,endat1,1440334789
9379,3303,onwatch,1440339568
9379,3303,start,1440339577
10773,3303,onwatch,1440388791
10765,3303,onwatch,1440418668
10765,3303,start,1440418671
10765,3303,endat0,1440418678
6439,3303,onwatch,1440425796
6439,3303,start,1440425804
6805,3303,onwatch,1440429110
6805,3303,start,1440429117
12372,3303,onwatch,1440429813
14113,3303,onwatch,1440430156
14113,3303,start,1440430158
14113,3303,endat2,1440430164
14113,3303,onwatch,1440430183
14113,3303,start,1440430185
14113,3303,endat2,1440430188
6805,3303,half,1440432544
6805,3303,endat140,1440436235
14099,3303,onwatch,1440447309
14099,3303,start,1440447326
14099,3303,endat34,1440447470
14099,3303,onwatch,1440447539
14099,3303,start,1440447543
14099,3303,endat8,1440448050
14099,3303,onwatch,1440448072
14099,3303,start,1440448075
14099,3303,endat7,1440448106
14099,3303,onwatch,1440448224
14099,3303,start,1440448250
14099,3303,onwatch,1440454028
14099,3303,start,1440454033
14099,3303,half,1440455781
14099,3303,endat108,1440459518
14108,3303,onwatch,1440472202
14108,3303,start,1440472214
13622,3303,onwatch,1440493283
13622,3303,start,1440493854
13622,3303,endat38,1440495704
13622,3303,half,1440495705
13622,3303,onwatch,1440496125
13622,3303,endat0,1440496153
13622,3303,onwatch,1440496154
13622,3303,start,1440496173
13622,3303,endat38,1440496195
13622,3303,onwatch,1440496195
13622,3303,endat0,1440496471
8330,3303,onwatch,1440518751
8330,3303,start,1440518766
14022,3303,onwatch,1440522127
14022,3303,onwatch,1440522159
14022,3303,start,1440522185
14022,3303,start,1440522262
7462,3303,onwatch,1440523998
14022,3303,half,1440524602
14022,3303,half,1440524777
7462,3303,endat0,1440524818
14022,3303,finished,1440527009
14022,3303,endat99,1440527176
14022,3303,endat100,1440530388
7462,3303,endat0,1440531323
4479,3303,onwatch,1440536657
4479,3303,endat0,1440537316
4522,3303,onwatch,1440568094
4522,3303,start,1440568105
4522,3303,endat0,1440569246
4522,3303,onwatch,1440569246
4522,3303,endat0,1440569318
4522,3303,onwatch,1440569319
4522,3303,start,1440569324
4522,3303,half,1440573009
4522,3303,finished,1440579139
4522,3303,endat100,1440580168
14069,3303,onwatch,1440595157
14069,3303,start,1440595161
14069,3303,endat5,1440595270
14069,3303,onwatch,1440595357
14069,3303,start,1440595359
14069,3303,endat34,1440596171
10627,3303,onwatch,1440612585
10627,3303,start,1440612591
12935,3303,onwatch,1440615809
12935,3303,start,1440615811
3756,3303,onwatch,1440623237
3756,3303,start,1440623242
3756,3303,endat0,1440623244
3808,3303,onwatch,1440623658
3808,3303,start,1440623669
3808,3303,endat3,1440623909
3808,3303,onwatch,1440623910
3808,3303,start,1440623917
5951,3303,onwatch,1440625742
5951,3303,endat0,1440625815
5951,3303,onwatch,1440625823
11303,3303,onwatch,1440627771
11303,3303,endat0,1440627775
5951,3303,endat0,1440637399
12720,3303,onwatch,1440690120
12720,3303,start,1440690133
12720,3303,half,1440692544
12720,3303,endat92,1440694658
12962,3303,onwatch,1440720030
12962,3303,endat0,1440720037
13622,3303,onwatch,1440747713
13622,3303,start,1440747759
13924,3303,onwatch,1440752847
13924,3303,start,1440752860
9919,3303,onwatch,1440775170
9919,3303,endat0,1440775179
4844,3303,onwatch,1440775539
4844,3303,start,1440775556
14149,3303,onwatch,1440775861
14149,3303,onwatch,1440776068
14149,3303,start,1440776075
14149,3303,onwatch,1440776222
14149,3303,start,1440776229
14149,3303,onwatch,1440777997
14149,3303,start,1440778001
10627,3303,onwatch,1440784161
10627,3303,start,1440784166
10627,3303,half,1440784753
10072,3303,onwatch,1440784846
10072,3303,start,1440784853
10627,3303,finished,1440789509
14149,3303,onwatch,1440790278
14149,3303,start,1440790284
14151,3303,onwatch,1440793587
14151,3303,endat0,1440793593
14149,3303,endat14,1440795026
14149,3303,onwatch,1440795204
14149,3303,endat0,1440795343
8737,3303,onwatch,1440798585
8737,3303,start,1440798587
8737,3303,half,1440799492
8737,3303,endat70,1440800475
13894,3303,onwatch,1440852111
14149,3303,onwatch,1440902446
14149,3303,start,1440902451
13351,3303,onwatch,1440943615
13351,3303,start,1440943622
14165,3303,onwatch,1440965851
14165,3303,start,1440965855
14165,3303,endat17,1440967239
13894,3303,onwatch,1440976701
13894,3303,start,1440976714
14149,3303,onwatch,1440977805
14149,3303,onwatch,1440977819
14108,3303,onwatch,1440987958
14108,3303,start,1440987962
14108,3303,half,1440997161
13084,3303,onwatch,1440998502
13084,3303,onwatch,1440998503
13084,3303,onwatch,1440998566
13084,3303,start,1440998826
13084,3303,endat3,1441001923
11607,3303,onwatch,1441003478
11607,3303,start,1441003483
11607,3303,half,1441003656
11607,3303,endat0,1441004996
11607,3303,start,1441004997
11607,3303,endat98,1441005856
12935,3303,onwatch,1441031799
12935,3303,endat0,1441031823
12935,3303,onwatch,1441031824
12935,3303,start,1441031826
8330,3303,onwatch,1441031831
8330,3303,start,1441031835
12935,3303,endat2,1441031865
12935,3303,onwatch,1441031866
12935,3303,start,1441031869
8330,3303,endat25,1441031904
8330,3303,onwatch,1441031904
8330,3303,start,1441031907
13333,3303,onwatch,1441033910
12668,3303,onwatch,1441049012
12668,3303,start,1441049015
14100,3303,onwatch,1441055946
14100,3303,start,1441055958
14140,3303,onwatch,1441063680
14140,3303,start,1441063752
14140,3303,endat1,1441063862
14140,3303,start,1441063948
12668,3303,onwatch,1441073916
12668,3303,onwatch,1441116210
12668,3303,start,1441116213
12668,3303,half,1441118071
12668,3303,endat155,1441129083
14140,3303,half,1441130295
14140,3303,endat97,1441136236
14108,3303,onwatch,1441148266
14108,3303,start,1441148269
14108,3303,half,1441148272
13652,3303,onwatch,1441156535
13652,3303,start,1441156542
13652,3303,endat1,1441156571
14108,3303,onwatch,1441174543
14108,3303,start,1441174551
14108,3303,half,1441174555
14108,3303,endat92,1441177762
11331,3303,onwatch,1441191329
11331,3303,start,1441191337
4150,3303,onwatch,1441212124
4150,3303,start,1441212131
4150,3303,onwatch,1441217372
4150,3303,start,1441222312
4150,3303,half,1441226869
11331,3303,onwatch,1441263980
6150,3303,onwatch,1441264352
6150,3303,onwatch,1441264366
6150,3303,start,1441264374
11331,3303,endat0,1441266647
11331,3303,onwatch,1441270210
11331,3303,start,1441270215
11331,3303,half,1441270803
10624,3303,onwatch,1441288660
10624,3303,start,1441288676
10624,3303,endat14,1441289038
10624,3303,onwatch,1441289038
10624,3303,start,1441289040
10624,3303,half,1441291303
6502,3303,onwatch,1441303882
6502,3303,start,1441303940
6502,3303,endat0,1441303945
13535,3303,onwatch,1441305199
13535,3303,start,1441305234
13535,3303,endat12,1441305851
13796,3303,onwatch,1441309304
4150,3303,onwatch,1441320233
13505,3303,onwatch,1441373113
13505,3303,start,1441373116
13505,3303,half,1441373117
13505,3303,endat81,1441374253
11879,3303,onwatch,1441385226
11879,3303,endat0,1441385231
6334,3303,onwatch,1441399420
6334,3303,endat0,1441399434
8891,3303,onwatch,1441480423
8891,3303,start,1441480437
8891,3303,half,1441483300
8891,3303,finished,1441485707
6334,3303,onwatch,1441564523
6334,3303,onwatch,1441564543
14153,3303,onwatch,1441575000
14153,3303,endat0,1441575868
14277,3303,onwatch,1441669705
11607,3303,onwatch,1441694467
11607,3303,start,1441694472
11607,3303,half,1441700849
11607,3303,endat61,1441706796
11607,3303,onwatch,1441721855
11607,3303,start,1441721859
11607,3303,half,1441721860
11607,3303,endat109,1441727557
14285,3303,onwatch,1441737175
14285,3303,start,1441737190
14285,3303,endat0,1441770243
14285,3303,onwatch,1441770334
14288,3303,onwatch,1441797291
14141,3303,onwatch,1441806058
14141,3303,start,1441806064
14141,3303,endat33,1441810575
4150,3303,endat0,1441813909
4150,3303,onwatch,1441814070
5203,3303,onwatch,1441816541
5203,3303,start,1441816555
5203,3303,half,1441818346
4150,3303,onwatch,1441836204
14285,3303,start,1441861602
14285,3303,onwatch,1441890863
14141,3303,onwatch,1441890927
14141,3303,start,1441890932
14285,3303,onwatch,1441890957
14285,3303,onwatch,1441891040
14285,3303,start,1441891044
14141,3303,half,1441893457
14141,3303,endat79,1441896785
4150,3303,onwatch,1441904181
4150,3303,endat0,1441905185
5206,3303,onwatch,1441911436
5206,3303,start,1441911444
5206,3303,half,1441914311
7835,3303,onwatch,1441914604
7835,3303,start,1441914609
7835,3303,endat3,1441915127
7835,3303,onwatch,1441915128
7835,3303,start,1441915130
7835,3303,endat5,1441915282
5206,3303,endat86,1441916174
7835,3303,half,1441920167
7835,3303,endat70,1441922478
7835,3303,half,1441922496
7835,3303,endat83,1441923900
7835,3303,onwatch,1441923900
7835,3303,start,1441923903
7835,3303,half,1441923929
7835,3303,endat74,1441923943
7835,3303,onwatch,1441923944
7835,3303,start,1441923946
7835,3303,half,1441923947
4214,3303,onwatch,1441966235
4214,3303,start,1441966244
4214,3303,half,1441967308
4214,3303,endat188,1441970294
4150,3303,endat0,1441987803
4150,3303,onwatch,1441988287
10498,3303,onwatch,1441990820
10498,3303,start,1441991360
10498,3303,half,1441993774
10498,3303,endat92,1441995838
14113,3303,onwatch,1441996863
14113,3303,start,1441996871
14113,3303,half,1442000745
14285,3303,onwatch,1442002142
14285,3303,start,1442002148
14137,3303,onwatch,1442179490
14137,3303,start,1442179497
14312,3303,onwatch,1442182096
14312,3303,start,1442182103
14137,3303,onwatch,1442182588
4150,3303,onwatch,1442246476
4150,3303,endat0,1442246510
9193,3303,onwatch,1442390658
9193,3303,start,1442390661
9193,3303,half,1442390661
14285,3303,onwatch,1442426355
14285,3303,start,1442426359
14285,3303,onwatch,1442426930
14285,3303,start,1442426937
5204,3303,onwatch,1442437628
5204,3303,start,1442437635
4022,3303,onwatch,1442463123
14285,3303,onwatch,1442502863
14285,3303,start,1442502882
4214,3303,start,1442503072
14285,3303,half,1442504224
4214,3303,half,1442504501
14330,3303,onwatch,1442508131
14330,3303,start,1442508141
5204,3303,onwatch,1442508666
5204,3303,start,1442508670
14120,3303,onwatch,1442514928
14120,3303,start,1442514952
14120,3303,half,1442515296
14285,3303,onwatch,1442532189
14285,3303,start,1442532191
14285,3303,half,1442532191
14285,3303,finished,1442532868
14285,3303,endat100,1442536747
13428,3303,onwatch,1442536791
13428,3303,endat0,1442536813
13428,3303,onwatch,1442536873
13428,3303,start,1442537257
3756,3303,onwatch,1442595068
3756,3303,endat0,1442595074
3756,3303,onwatch,1442595074
3756,3303,start,1442595076
5204,3303,onwatch,1442602809
5204,3303,start,1442602811
14094,3303,onwatch,1442810213
14094,3303,start,1442810224
14094,3303,endat0,1442810237
14125,3303,onwatch,1442869447
14125,3303,start,1442869466
14125,3303,half,1442872533
14125,3303,finished,1442874940
14125,3303,endat100,1442882101
14312,3303,onwatch,1442894442
13516,3303,onwatch,1442926954
13516,3303,start,1442926959
13516,3303,endat17,1442928215
13516,3303,onwatch,1442928216
13516,3303,start,1442928218
13827,3303,onwatch,1442931588
13827,3303,endat0,1442931597
13107,3303,onwatch,1442932190
13516,3303,half,1442933684
14330,3303,onwatch,1442943923
14330,3303,start,1442947359
14120,3303,onwatch,1442948241
14120,3303,start,1442948243
14120,3303,half,1442948253
14120,3303,onwatch,1442948370
14120,3303,start,1442948373
14120,3303,half,1442948373
14120,3303,onwatch,1442949059
14120,3303,half,1442949061
14120,3303,start,1442949061
14120,3303,onwatch,1442950057
14120,3303,half,1442950059
14120,3303,start,1442950059
14120,3303,finished,1442952700
14334,3303,onwatch,1443014359
14334,3303,start,1443014366
14334,3303,half,1443016779
6439,3303,onwatch,1443018094
6439,3303,start,1443018096
4022,3303,onwatch,1443020247
4022,3303,endat0,1443020391
6439,3303,half,1443020621
6439,3303,endat60,1443021099
14334,3303,endat98,1443024398
13861,3303,onwatch,1443024753
13861,3303,endat0,1443024859
10074,3303,onwatch,1443032279
10074,3303,start,1443032284
9569,3303,onwatch,1443038304
9569,3303,start,1443038349
9569,3303,endat1,1443038440
13861,3303,onwatch,1443042561
13861,3303,endat0,1443042606
9569,3303,onwatch,1443102683
9569,3303,start,1443102685
9569,3303,half,1443105481
9569,3303,endat60,1443106482
4816,3303,onwatch,1443109894
4816,3303,start,1443109905
4816,3303,endat0,1443109917
4816,3303,onwatch,1443110008
4816,3303,start,1443110011
4816,3303,endat0,1443110021
4816,3303,onwatch,1443110512
4816,3303,start,1443110516
4816,3303,endat0,1443110569
4479,3303,onwatch,1443116575
4479,3303,start,1443116579
4479,3303,endat0,1443116791
4479,3303,onwatch,1443116792
14031,3303,onwatch,1443116794
14031,3303,half,1443116797
14031,3303,start,1443116797
4479,3303,start,1443116804
14031,3303,endat240,1443116907
4816,3303,onwatch,1443118132
4816,3303,start,1443118134
4816,3303,endat0,1443118138
4816,3303,onwatch,1443118174
4816,3303,start,1443118175
14268,3303,onwatch,1443131868
14268,3303,start,1443131875
14268,3303,half,1443133281
4479,3303,onwatch,1443136364
4479,3303,start,1443136366
10624,3303,onwatch,1443145807
10624,3303,start,1443145814
10624,3303,half,1443145816
13581,3303,onwatch,1443173419
13581,3303,start,1443173430
13581,3303,endat28,1443175121
13581,3303,half,1443175122
10624,3303,onwatch,1443195972
10624,3303,start,1443195974
10624,3303,half,1443195979
10624,3303,endat185,1443203055
14368,3303,onwatch,1443205111
14368,3303,start,1443205743
14368,3303,onwatch,1443535099
14368,3303,start,1443535101
14368,3303,half,1443535710
14330,3303,endat6,1443536366
14378,3303,onwatch,1443549007
14378,3303,start,1443549034
14378,3303,onwatch,1443550274
14378,3303,onwatch,1443550316
14378,3303,onwatch,1443550374
14378,3303,onwatch,1443550389
14378,3303,endat0,1443550428
14378,3303,onwatch,1443550429
14378,3303,endat0,1443550433
14378,3303,onwatch,1443550438
14378,3303,onwatch,1443550451
14378,3303,onwatch,1443550461
14378,3303,onwatch,1443550515
14378,3303,start,1443550552
14378,3303,endat0,1443550619
14378,3303,onwatch,1443550620
14378,3303,start,1443550623
14378,3303,endat1,1443550695
14378,3303,onwatch,1443550696
14378,3303,start,1443550702
14378,3303,endat2,1443550771
14378,3303,onwatch,1443550771
14378,3303,start,1443550774
14378,3303,onwatch,1443550823
14378,3303,start,1443550828
14378,3303,half,1443553417
10520,3303,onwatch,1443619158
10520,3303,start,1443619162
10520,3303,endat3,1443619383
14368,3303,onwatch,1443621103
14368,3303,start,1443621104
14368,3303,half,1443621127
14368,3303,endat62,1443621149
14368,3303,onwatch,1443621864
14368,3303,start,1443621866
14368,3303,half,1443621872
14368,3303,endat97,1443623498
14378,3303,onwatch,1443638147
14378,3303,start,1443638150
14388,3303,onwatch,1443640118
14378,3303,half,1443640507
14368,3303,onwatch,1443640732
14368,3303,start,1443640734
14368,3303,half,1443640739
14368,3303,endat92,1443640742
14388,3303,start,1443640943
14378,3303,finished,1443643921
14378,3303,endat100,1443644414
14368,3303,onwatch,1443662842
14368,3303,start,1443662843
14368,3303,half,1443662848
14368,3303,finished,1443663193
13505,3303,onwatch,1443677316
13505,3303,start,1443677325
13505,3303,half,1443677327
13505,3303,endat77,1443682702
14403,3303,onwatch,1443763493
14403,3303,start,1443763504
14403,3303,half,1443766557
11046,3303,onwatch,1443784147
11046,3303,endat0,1443784153
14120,3303,onwatch,1443800011
14120,3303,start,1443800013
14120,3303,half,1443800018
14120,3303,finished,1443800034
14120,3303,finished,1443806618
12943,3303,onwatch,1443809754
12943,3303,start,1443809765
13505,3303,onwatch,1443894531
13505,3303,start,1443894548
13505,3303,half,1443895374
13505,3303,half,1443895381
13505,3303,half,1443895390
9985,3303,onwatch,1443999445
9985,3303,start,1443999449
13297,3303,onwatch,1444056627
13297,3303,start,1444056646
13297,3303,endat13,1444059784
13297,3303,onwatch,1444059785
13297,3303,start,1444059787
13297,3303,endat5,1444059796
13297,3303,onwatch,1444059796
13297,3303,start,1444059798
13297,3303,endat8,1444060044
13297,3303,onwatch,1444060044
13297,3303,start,1444060050
14117,3303,onwatch,1444081851
14117,3303,start,1444081856
14117,3303,endat1,1444081898
12943,3303,onwatch,1444186380
12943,3303,start,1444186382
12943,3303,half,1444186825
12943,3303,endat100,1444190523
4479,3303,onwatch,1444253714
4479,3303,start,1444253718
4479,3303,endat22,1444253764
7602,3303,onwatch,1444280131
7602,3303,endat0,1444280643
14120,3303,endat100,1444323777
14120,3303,endat85,1444323778
14120,3303,endat0,1444323779
14443,3303,onwatch,1444329591
14443,3303,start,1444329603
14443,3303,endat21,1444330978
5699,3303,onwatch,1444424437
13453,3303,onwatch,1444662056
13453,3303,start,1444662060
13453,3303,endat0,1444662976
13084,3303,onwatch,1444715834
13084,3303,start,1444715843
11953,3303,onwatch,1444747343
11953,3303,start,1444747347
11953,3303,half,1444749717
11953,3303,finished,1444752153
11953,3303,endat100,1444752474
5672,3303,onwatch,1444765768
5672,3303,start,1444765775
14069,3303,onwatch,1444768116
14069,3303,start,1444768120
14069,3303,endat39,1444768773
14108,3303,onwatch,1444794349
14108,3303,start,1444794493
14108,3303,half,1444794493
14108,3303,onwatch,1444801933
14108,3303,start,1444801935
14108,3303,endat47,1444803967
14108,3303,onwatch,1444803968
14108,3303,start,1444803970
14108,3303,half,1444804261
13084,3303,onwatch,1444828561
13084,3303,start,1444828565
4194,3303,onwatch,1444842451
4194,3303,endat0,1444842469
4194,3303,onwatch,1444843003
4194,3303,start,1444843010
4194,3303,half,1444846077
4194,3303,endat85,1444851911
13084,3303,onwatch,1444900014
13084,3303,start,1444900017
11046,3303,onwatch,1444905229
11046,3303,endat0,1444906283
11046,3303,onwatch,1444906284
11046,3303,start,1444906340
13622,3303,onwatch,1444907745
13622,3303,start,1444907777
7055,3303,onwatch,1444933234
7055,3303,onwatch,1444936056
14476,3303,onwatch,1444955596
14476,3303,endat0,1444955736
13084,3303,onwatch,1444983971
13084,3303,start,1444983973
13233,3303,onwatch,1445019034
13233,3303,start,1445019447
13233,3303,onwatch,1445019514
13233,3303,start,1445019516
13233,3303,endat2,1445020061
13233,3303,onwatch,1445020088
13233,3303,start,1445020090
13233,3303,onwatch,1445020525
13233,3303,start,1445020529
13233,3303,endat0,1445021465
13233,3303,onwatch,1445021465
13233,3303,start,1445021468
13233,3303,endat0,1445021996
13233,3303,onwatch,1445021997
13233,3303,start,1445021999
13233,3303,half,1445023314
11046,3303,endat15,1445081932
11046,3303,onwatch,1445082022
11046,3303,start,1445082023
11046,3303,half,1445084145
14484,3303,onwatch,1445089907
14484,3303,start,1445089917
14484,3303,endat19,1445091565
6439,3303,onwatch,1445271978
6439,3303,start,1445271980
6439,3303,half,1445271991
14492,3303,onwatch,1445281334
14492,3303,start,1445281343
6439,3303,endat59,1445282124
14492,3303,endat2,1445283375
9025,3303,onwatch,1445284726
9025,3303,start,1445284730
9025,3303,half,1445287677
9025,3303,endat78,1445289061
5450,3303,onwatch,1445356719
5450,3303,start,1445356727
5450,3303,endat7,1445357046
14099,3303,onwatch,1445358826
14099,3303,start,1445358828
14099,3303,half,1445358836
14099,3303,endat98,1445358874
14099,3303,onwatch,1445359435
14099,3303,start,1445359437
14099,3303,half,1445361154
14099,3303,endat94,1445363129
10654,3303,onwatch,1445364259
14496,3303,onwatch,1445387443
14496,3303,start,1445387454
14496,3303,endat0,1445387479
11046,3303,endat170,1445425970
9525,3303,onwatch,1445440145
9525,3303,endat0,1445440156
9525,3303,endat0,1445440169
11703,3303,onwatch,1445442413
11703,3303,start,1445442418
11703,3303,endat34,1445444282
14502,3303,onwatch,1445518551
14502,3303,start,1445518560
9525,3303,onwatch,1445526980
9525,3303,start,1445526984
9525,3303,endat6,1445528462
9525,3303,onwatch,1445528670
9525,3303,start,1445528676
9525,3303,endat45,1445531354
14512,3303,onwatch,1445551699
14512,3303,start,1445551705
13441,3303,onwatch,1445567112
13441,3303,start,1445567156
13441,3303,endat16,1445567172
5785,3303,onwatch,1445588738
5785,3303,start,1445588746
5785,3303,endat7,1445589242
5785,3303,onwatch,1445589260
5785,3303,start,1445589262
5785,3303,onwatch,1445601712
5785,3303,start,1445601714
5785,3303,endat0,1445601783
5785,3303,onwatch,1445601784
5785,3303,start,1445601787
5785,3303,endat0,1445601803
5785,3303,onwatch,1445601804
5785,3303,start,1445601806
5785,3303,endat45,1445603669
9058,3303,onwatch,1446041518
9058,3303,start,1446046549
8215,3303,onwatch,1446047953
8215,3303,start,1446047990
8215,3303,endat5,1446049980
8215,3303,onwatch,1446049980
8215,3303,start,1446049987
8215,3303,onwatch,1446050824
8215,3303,start,1446050826
8215,3303,endat29,1446050828
8215,3303,half,1446051827
9058,3303,onwatch,1446061681
9058,3303,start,1446061684
12229,3303,onwatch,1446063606
12229,3303,endat0,1446063655
9058,3303,half,1446065192
13622,3303,onwatch,1446182525
13622,3303,onwatch,1446182525
13622,3303,start,1446182529
13622,3303,endat17,1446183093
9058,3303,onwatch,1446476799
9058,3303,start,1446476814
9058,3303,half,1446476824
14283,3303,onwatch,1446481859
8423,3303,onwatch,1446488162
14505,3303,onwatch,1446491076
14505,3303,start,1446491114
14505,3303,half,1446495134
14283,3303,start,1446496355
14283,3303,half,1446496367
14283,3303,endat88,1446497160
14505,3303,finished,1446497540
14505,3303,endat100,1446498338
14022,3303,onwatch,1446502950
14022,3303,start,1446502952
14022,3303,half,1446502952
14022,3303,endat132,1446503437
14022,3303,onwatch,1446503437
14022,3303,start,1446503439
14022,3303,endat12,1446504903
12850,3303,onwatch,1446569580
12850,3303,start,1446569582
12850,3303,endat41,1446569625
11102,3303,onwatch,1446586929
11102,3303,start,1446586953
11102,3303,half,1446590001
11102,3303,finished,1446592408
11102,3303,endat100,1446592837
8777,3303,onwatch,1446598944
8777,3303,start,1446598955
8777,3303,onwatch,1446634454
13999,3303,onwatch,1446684971
13999,3303,onwatch,1446719229
13999,3303,start,1446719292
13999,3303,endat0,1446719363
13999,3303,onwatch,1446719364
13999,3303,start,1446719371
13999,3303,endat0,1446719378
13084,3303,onwatch,1446728747
13084,3303,start,1446728752
8777,3303,endat0,1446736738
9811,3303,onwatch,1446760312
9811,3303,start,1446760319
9811,3303,endat10,1446760846
14069,3303,onwatch,1447092362
14069,3303,start,1447092365
14069,3303,endat40,1447092439
14069,3303,half,1447092439
14476,3303,onwatch,1447259163
14476,3303,start,1447259166
14476,3303,endat43,1447259190
14476,3303,half,1447259190
11953,3303,onwatch,1447264981
11953,3303,start,1447264983
11953,3303,half,1447264987
11953,3303,finished,1447264996
11953,3303,endat9,1447265423
14466,3303,onwatch,1447353757
14466,3303,start,1447353762
14466,3303,endat4,1447353986
6057,3303,onwatch,1447359642
6057,3303,start,1447359736
6057,3303,half,1447362149
6057,3303,endat77,1447363656
6057,3303,onwatch,1447363666
6057,3303,start,1447363738
6057,3303,half,1447363738
13696,3303,onwatch,1447398468
11046,3303,onwatch,1447422537
11046,3303,start,1447422538
11046,3303,half,1447422540
11046,3303,endat154,1447436342
9229,3303,onwatch,1447719869
9229,3303,endat0,1447721883
14589,3303,onwatch,1447765328
14589,3303,start,1447765351
14589,3303,endat1,1447765443
14589,3303,endat8,1447794718
14374,3303,onwatch,1447845709
14374,3303,onwatch,1447944969
14374,3303,start,1447944972
14374,3303,endat12,1447946127
14634,3303,onwatch,1447953266
14634,3303,start,1447953272
14634,3303,endat27,1447955039
14634,3303,onwatch,1447955040
14634,3303,start,1447955044
14311,3303,onwatch,1447968725
14311,3303,start,1447968745
4807,3303,onwatch,1448037724
4807,3303,start,1448037734
4807,3303,endat1,1448037789
14634,3303,endat0,1448109337
6057,3303,onwatch,1448122319
6057,3303,half,1448122327
6057,3303,start,1448122328
6057,3303,finished,1448123442
13351,3303,onwatch,1448277333
13351,3303,start,1448277341
13351,3303,half,1448279037
14503,3303,onwatch,1448297530
14503,3303,start,1448297537
14503,3303,endat4,1448297797
12788,3303,onwatch,1448470487
12788,3303,start,1448470497
12788,3303,half,1448470497
12788,3303,endat98,1448470512
14345,3303,onwatch,1448621336
14345,3303,start,1448621341
14345,3303,endat33,1448623563
14345,3303,half,1448623564
14608,3303,onwatch,1448818456
14608,3303,endat0,1448819512
14630,3303,onwatch,1448936926
14630,3303,start,1448936930
14630,3303,endat32,1448937266
4056,3303,onwatch,1449067344
4056,3303,start,1449068814
4056,3303,endat11,1449069516
4056,3303,onwatch,1449069530
4056,3303,start,1449069531
13505,3303,onwatch,1449242995
13505,3303,start,1449243002
13505,3303,half,1449243006
13505,3303,endat88,1449243285
13789,3303,onwatch,1449264193
13789,3303,start,1449264201
5785,3303,onwatch,1449576093
5785,3303,start,1449576099
5785,3303,endat45,1449582798
14487,3303,onwatch,1449691555
14487,3303,start,1449691700
4530,3303,onwatch,1449700999
4530,3303,start,1449701007
8986,3303,onwatch,1450152083
8986,3303,start,1450152095
4530,3303,onwatch,1450383792
4530,3303,start,1450383804
4530,3303,half,1450385736
4530,3303,onwatch,1450385911
4530,3303,start,1450385918
4530,3303,endat51,1450385988
4530,3303,half,1450386181
4530,3303,endat138,1450394487
9071,3303,onwatch,1450718160
9071,3303,start,1450725155
9071,3303,endat28,1450727223
14364,3303,onwatch,1450913875
14364,3303,start,1450913943
14364,3303,endat47,1450920099
14016,3303,onwatch,1451329723
14016,3303,start,1451329736
14016,3303,finished,1451329736
14016,3303,half,1451334196
14832,3303,onwatch,1451335367
14832,3303,start,1451335372
14016,3303,finished,1451337546
14693,3303,onwatch,1451418093
14693,3303,start,1451418097
14693,3303,endat9,1451418101
13505,3303,onwatch,1451488446
13505,3303,start,1451488454
13505,3303,half,1451488498
14832,3303,onwatch,1451501575
14832,3303,start,1451501589
14832,3303,half,1451506153
14832,3303,endat108,1451511005
13297,3303,onwatch,1451582337
13297,3303,start,1451582345
13297,3303,endat19,1451582787
4056,3303,onwatch,1451681940
4056,3303,start,1451682091
4056,3303,half,1451683762
4056,3303,endat88,1451686749
14016,3303,onwatch,1451688794
14016,3303,finished,1451688804
14016,3303,start,1451688804
14815,3303,onwatch,1451741381
14815,3303,start,1451741389
14815,3303,endat7,1451742436
14815,3303,endat0,1451747000
12901,3303,onwatch,1452006261
5204,3303,onwatch,1452018390
5204,3303,endat0,1452018424
14073,3303,onwatch,1452367841
14073,3303,endat0,1452367848
14793,3303,onwatch,1452368257
14884,3303,onwatch,1452613738
14884,3303,start,1452613750
14884,3303,half,1452617266
14884,3303,endat98,1452621563
14884,3303,onwatch,1452624742
14884,3303,endat0,1452624751
14876,3303,onwatch,1452702082
14876,3303,endat0,1452702107
14884,3303,onwatch,1452703723
14884,3303,start,1452703729
14884,3303,endat33,1452710794
14953,3303,onwatch,1452724495
14953,3303,start,1452724501
14953,3303,endat0,1452724738
14709,3303,onwatch,1452781513
14709,3303,start,1452781529
14709,3303,endat0,1452781561
14709,3303,onwatch,1452781562
14709,3303,start,1452781567
14709,3303,endat36,1452781666
14709,3303,onwatch,1452781705
14709,3303,start,1452781712
14709,3303,half,1452784120
14709,3303,endat100,1452786558
13333,3303,onwatch,1452802231
13333,3303,start,1452802242
4816,3303,onwatch,1452802710
13333,3303,endat17,1452806123
14655,3303,onwatch,1452809634
14655,3303,start,1452809641
15001,3303,onwatch,1453058931
15001,3303,endat0,1453059807
13333,3303,onwatch,1453131246
13333,3303,start,1453132547
13333,3303,half,1453134521
13333,3303,endat103,1453137401
13333,3303,finished,1453137403
13333,3303,endat0,1453137601
6875,3303,onwatch,1453221704
6875,3303,endat0,1453221712
4816,3303,onwatch,1453232911
4816,3303,start,1453232915
4816,3303,endat10,1453232944
14608,3303,onwatch,1453314855
14608,3303,start,1453314861
14608,3303,half,1453317286
14608,3303,endat105,1453320660
14608,3303,finished,1453320660
14997,3303,onwatch,1453321727
14997,3303,start,1453321773
14997,3303,endat2,1453327926
14627,3303,onwatch,1453756248
14627,3303,start,1453756256
14627,3303,endat0,1453756280
14627,3303,onwatch,1453756287
14627,3303,endat0,1453756337
14627,3303,onwatch,1453756337
14627,3303,endat0,1453756364
14613,3303,onwatch,1453925187
14613,3303,onwatch,1453925486
14613,3303,start,1453925495
14613,3303,half,1453927950
7303,3303,onwatch,1454006427
7303,3303,endat0,1454006434
14386,3303,onwatch,1454360967
14386,3303,start,1454360989
14386,3303,endat10,1454361534
14386,3303,onwatch,1454452941
14386,3303,start,1454452945
14001,3303,start,1454468991
14001,3303,half,1454471642
14001,3303,endat106,1454474518
14386,3303,onwatch,1454505446
14386,3303,start,1454505469
14386,3303,half,1454506901
14217,3303,onwatch,1454508206
14217,3303,start,1454508214
14217,3303,endat0,1454508250
14386,3303,onwatch,1454508505
14386,3303,start,1454508514
14386,3303,onwatch,1454508585
14386,3303,start,1454508590
14016,3303,onwatch,1454550678
14016,3303,start,1454550683
14016,3303,endat1,1454551323
14016,3303,onwatch,1454551324
14016,3303,start,1454551326
14016,3303,endat0,1454551679
15177,3303,onwatch,1454676777
15177,3303,start,1454676782
15177,3303,endat0,1454676809
15177,3303,onwatch,1454677384
15177,3303,start,1454677390
15178,3303,onwatch,1454683456
15178,3303,endat0,1454683557
15177,3303,endat14,1454684470
14386,3303,onwatch,1454966902
14386,3303,start,1454966932
15022,3303,onwatch,1455051630
15022,3303,start,1455051642
15022,3303,endat10,1455052167
13391,3303,onwatch,1455060646
13391,3303,start,1455060656
13391,3303,half,1455060660
9552,3303,onwatch,1455218539
9552,3303,endat0,1455218588
15230,3303,onwatch,1455386964
15230,3303,start,1455386970
15230,3303,endat27,1455388698
15230,3303,onwatch,1455388698
15230,3303,start,1455388870
15230,3303,half,1455390677
15230,3303,endat81,1455392883
15230,3303,onwatch,1455392883
15230,3303,start,1455392974
8214,3303,onwatch,1455393233
8214,3303,start,1455393242
8214,3303,half,1455393281
15230,3303,half,1455393430
8214,3303,endat91,1455393748
15230,3303,endat101,1455398192
15230,3303,onwatch,1455398193
15230,3303,start,1455398589
15230,3303,half,1455398589
15230,3303,finished,1455398606
15230,3303,endat100,1455651439
14386,3303,onwatch,1455658889
14386,3303,start,1455658916
14386,3303,half,1455659467
14386,3303,endat98,1455662152
14386,3303,onwatch,1455733638
14386,3303,start,1455733646
14386,3303,endat43,1455733709
14386,3303,onwatch,1455735450
14386,3303,start,1455735482
14386,3303,onwatch,1455736014
14386,3303,start,1455736019
14386,3303,half,1455736402
14386,3303,onwatch,1455815966
14386,3303,half,1455815978
14386,3303,start,1455815978
14386,3303,endat99,1455816090
14386,3303,onwatch,1455816091
14386,3303,start,1455816097
14422,3303,onwatch,1455912187
4285,3303,onwatch,1455917281
4285,3303,start,1455917288
4285,3303,half,1455921072
12788,3303,onwatch,1455999292
12788,3303,start,1455999301
12788,3303,endat0,1455999362
15230,3303,onwatch,1456102874
15230,3303,start,1456103990
15230,3303,half,1456103991
15230,3303,endat110,1456110607
15321,3303,onwatch,1456129498
15321,3303,start,1456129515
15321,3303,endat0,1456129535
8306,3303,onwatch,1456216397
8306,3303,start,1456216411
8306,3303,half,1456218193
14386,3303,onwatch,1456241721
14386,3303,start,1456241728
14386,3303,half,1456243769
15230,3303,onwatch,1456265019
15230,3303,start,1456265038
15230,3303,half,1456265180
15230,3303,endat97,1456266479
8306,3303,onwatch,1456400364
8306,3303,start,1456400487
8306,3303,start,1456401798
8306,3303,half,1456401803
8306,3303,endat132,1456407660
14022,3303,onwatch,1456438430
14022,3303,start,1456438435
14022,3303,endat48,1456438492
6518,3303,onwatch,1456470624
6518,3303,start,1456470657
6518,3303,half,1456473070
6518,3303,finished,1456475477
6518,3303,endat100,1456477565
15356,3303,onwatch,1456510832
15355,3303,onwatch,1456511346
15355,3303,start,1456511354
15356,3303,endat0,1456512642
15355,3303,endat27,1456512701
15355,3303,half,1456512702
15355,3303,endat55,1456512702
15125,3303,onwatch,1456629956
15125,3303,start,1456629968
15125,3303,half,1456630134
15125,3303,endat69,1456630229
9229,3303,onwatch,1456687518
8306,3303,onwatch,1456746758
8306,3303,start,1456746769
8306,3303,half,1456753302
8306,3303,endat179,1456760359
15128,3303,onwatch,1456762706
15128,3303,start,1456762714
15128,3303,endat1,1456762811
15435,3303,start,1456848337
13501,3303,onwatch,1456946268
13501,3303,start,1456946286
13501,3303,endat11,1456946846
15291,3303,onwatch,1456949042
15291,3303,start,1456949067
15291,3303,half,1456951481
15291,3303,endat97,1456958831
15291,3303,onwatch,1457048743
5785,3303,onwatch,1457163873
5785,3303,start,1457163894
5785,3303,half,1457166890
5785,3303,finished,1457169297
15435,3303,endat0,1457363643
14422,3303,onwatch,1457415755
14422,3303,endat0,1457415759
15230,3303,onwatch,1457558474
15230,3303,start,1457558482
15230,3303,half,1457558482
15230,3303,endat93,1457558503
15230,3303,start,1457558594
15230,3303,half,1457558594
15230,3303,endat93,1457558594
14634,3303,onwatch,1457608381
14634,3303,start,1457608389
14634,3303,half,1457611359
14634,3303,endat120,1457615448
15230,3303,onwatch,1457617890
15230,3303,start,1457617894
15230,3303,half,1457617894
15230,3303,endat189,1457622699
14905,3303,onwatch,1457652822
14905,3303,start,1457652826
14905,3303,endat12,1457653432
4,3303,onwatch,1457726804
4,3303,start,1457726809
4,3303,endat0,1457726812
4,3303,onwatch,1457726855
4,3303,start,1457726861
4,3303,half,1457726862
4,3303,endat91,1457726870
15030,3303,onwatch,1457963206
15030,3303,endat0,1457963222
14382,3303,onwatch,1457979931
14382,3303,onwatch,1457979945
14382,3303,onwatch,1457980761
14382,3303,onwatch,1457980764
15532,3303,onwatch,1458077283
15532,3303,endat0,1458077325
14589,3303,onwatch,1458091854
14589,3303,start,1458091866
15532,3303,onwatch,1458133990
15532,3303,endat0,1458134706
14589,3303,onwatch,1458166019
14589,3303,start,1458166052
14589,3303,half,1458167917
14589,3303,finished,1458167924
15507,3303,onwatch,1458508164
15559,3303,onwatch,1458772139
15604,3303,onwatch,1459192961
4659,3303,onwatch,1459448404
4659,3303,onwatch,1459448466
15514,3303,onwatch,1459624699
15514,3303,onwatch,1459625139
15514,3303,onwatch,1459625157
15691,3303,onwatch,1459751372
15700,3303,onwatch,1459800102
15502,3303,onwatch,1460052616
8306,3303,onwatch,1460708834
15691,3303,onwatch,1461006598
7199,3303,onwatch,1461079787
15844,3303,onwatch,1461354089
12788,3303,onwatch,1461535701
15575,3303,onwatch,1462048126
15026,3303,onwatch,1462203395
15930,3303,onwatch,1462327912
11949,3303,onwatch,1462472346
15797,3303,onwatch,1462567826
15930,3303,onwatch,1462603541
15797,3303,onwatch,1462631026
15797,3303,onwatch,1462633768
6848,3303,onwatch,1463186917
16032,3303,onwatch,1463492794
15433,3303,onwatch,1463587120
15892,3303,onwatch,1463996011
15892,3303,onwatch,1463996365
15711,3303,onwatch,1464011520
15839,3303,onwatch,1464033305
13333,3303,onwatch,1464285822
15914,3303,onwatch,1464349907
12788,3303,onwatch,1464351252
16166,3303,onwatch,1465331899
10290,3303,onwatch,1465583040
13297,3303,onwatch,1465836902
15452,3303,onwatch,1466005173
15452,3303,onwatch,1466012054
16146,3303,onwatch,1466157561
16146,3303,onwatch,1466158012
16262,3303,onwatch,1466405732
10249,3303,onwatch,1466445865
14328,3303,onwatch,1466621083
16069,3303,onwatch,1466691272
16069,3303,onwatch,1466691302
16069,3303,onwatch,1466773773
13321,3303,onwatch,1466950985
15040,3303,onwatch,1466970204
16296,3303,onwatch,1467050804
16296,3303,start,1467050808
13321,3303,onwatch,1467053986
13321,3303,endat0,1467054018
13321,3303,onwatch,1467065978
13321,3303,start,1467065987
13321,3303,half,1467069244
16296,3303,endat31,1467149017
16369,3303,onwatch,1467719422
16369,3303,start,1467719442
16369,3303,onwatch,1467719515
16369,3303,start,1467719517
16369,3303,endat1,1467719521
16369,3303,half,1467723581
16369,3303,endat59,1467736869
16369,3303,onwatch,1467736916
16369,3303,start,1467736920
16369,3303,half,1467736921
14507,3303,onwatch,1467919605
14507,3303,start,1467919616
14507,3303,endat11,1467929458
14131,3303,onwatch,1468460497
14131,3303,start,1468460502
14131,3303,endat1,1468460532
15230,3303,start,1468502609
15230,3303,endat0,1468502615
15230,3303,half,1468502615
9193,3303,onwatch,1468590316
9193,3303,start,1468590319
9193,3303,endat22,1468590327
13668,3303,onwatch,1468620515
13668,3303,start,1468620523
13668,3303,half,1468622642
13668,3303,endat73,1468623802
16333,3303,onwatch,1468886604
16333,3303,onwatch,1468886604
16333,3303,start,1468886606
16333,3303,half,1468889021
16333,3303,onwatch,1468958654
14960,3303,onwatch,1469131824
14960,3303,endat0,1469132738
16447,3303,onwatch,1469506340
16447,3303,start,1469506345
16447,3303,half,1469515658
16448,3303,onwatch,1469555126
16448,3303,start,1469555131
15535,3303,onwatch,1469662841
15535,3303,start,1469662849
16447,3303,endat55,1469689382
16166,3303,onwatch,1470146667
16166,3303,start,1470146671
16131,3303,onwatch,1470151663
16131,3303,start,1470151667
16131,3303,half,1470154081
16131,3303,finished,1470156488
16131,3303,endat100,1470163653
16325,3303,onwatch,1470164807
16325,3303,endat0,1470166654
16166,3303,endat12,1470218010
16325,3303,onwatch,1470238870
16325,3303,start,1470238913
16325,3303,half,1470241510
16325,3303,endat94,1470247513
14625,3303,onwatch,1470339361
14625,3303,start,1470339366
14625,3303,endat12,1470340368
16131,3303,onwatch,1470926629
16131,3303,start,1470926631
16131,3303,half,1470926633
16131,3303,endat103,1470949785
14855,3303,onwatch,1471014288
14855,3303,start,1471014301
14855,3303,endat15,1471014339
14960,3303,onwatch,1471216054
14960,3303,start,1471216060
14960,3303,endat42,1471216229
5802,3303,onwatch,1471442203
5802,3303,start,1471442435
5802,3303,half,1471443537
5802,3303,endat85,1471444044
16578,3303,onwatch,1471641058
16578,3303,start,1471641064
16578,3303,half,1471643598
16578,3303,endat83,1471645208
9267,3303,onwatch,1471938557
9267,3303,start,1471938567
9267,3303,endat0,1471938598
14833,3303,onwatch,1472047832
16673,3303,onwatch,1472314098
16673,3303,start,1472314104
16673,3303,half,1472316738
16673,3303,endat94,1472324549
16507,3303,onwatch,1472503475
16507,3303,endat0,1472504243
16652,3303,onwatch,1472753064
16652,3303,start,1472753069
16652,3303,endat20,1472755169
14847,3303,onwatch,1474038205
13658,3303,onwatch,1474198412
16781,3303,onwatch,1474275794
16781,3303,endat0,1474281652
16822,3303,start,1474675990
16822,3303,half,1474676117
16822,3303,endat55,1474676246
16822,3303,start,1474676254
16822,3303,half,1474676254
16822,3303,endat52,1474676257
16822,3303,onwatch,1474677780
16822,3303,half,1474677783
16822,3303,start,1474677783
16822,3303,endat65,1474678408
16822,3303,onwatch,1474835060
16822,3303,start,1474835066
16822,3303,endat22,1474835521
5839,3303,onwatch,1474866379
5839,3303,start,1474866385
5839,3303,endat0,1474866397
5839,3303,onwatch,1474868807
5839,3303,start,1474868814
5839,3303,endat21,1474869869
9829,3303,onwatch,1474976840
9829,3303,start,1474976853
9829,3303,endat0,1474976879
14466,3303,onwatch,1475248228
14466,3303,start,1475248230
14466,3303,endat9,1475254872
16935,3303,onwatch,1475506536
16935,3303,start,1475506542
16935,3303,half,1475509564
5802,3303,onwatch,1475511893
5802,3303,start,1475511894
5802,3303,half,1475511898
16935,3303,endat88,1475512141
16935,3303,onwatch,1475512142
16935,3303,start,1475512146
16935,3303,half,1475512248
5802,3303,finished,1475512866
16182,3303,onwatch,1475525775
16182,3303,start,1475525781
16182,3303,endat18,1475525830
5802,3303,endat100,1475527175
16982,3303,onwatch,1475809132
16982,3303,start,1475809146
16982,3303,endat5,1475809389
16997,3303,onwatch,1476014882
16997,3303,start,1476014962
16997,3303,half,1476017376
16997,3303,finished,1476019783
16997,3303,endat100,1476020031
16997,3303,endat200,1476020035
16997,3303,endat300,1476020038
16997,3303,endat400,1476020044
16997,3303,onwatch,1476021679
16997,3303,start,1476021691
16997,3303,half,1476021691
16997,3303,endat100,1476021725
16935,3303,endat113,1476182690
17025,3303,endat0,1476201092
17060,3303,onwatch,1476286419
17060,3303,start,1476286431
17060,3303,endat0,1476286542
17060,3303,onwatch,1476286542
17060,3303,start,1476286545
17060,3303,endat2,1476286663
16915,3303,onwatch,1476288709
16915,3303,start,1476288714
16915,3303,half,1476291693
16915,3303,endat61,1476293202
17001,3303,onwatch,1476461678
17001,3303,start,1476461687
17001,3303,endat27,1476467036
17100,3303,onwatch,1476815922
17100,3303,start,1476815933
13790,3303,onwatch,1476821047
13790,3303,start,1476821069
13790,3303,endat0,1476821299
13790,3303,onwatch,1476821299
13790,3303,start,1476821300
13790,3303,endat0,1476821301
17100,3303,endat23,1476822862
17118,3303,onwatch,1476841119
17118,3303,start,1476841122
17118,3303,half,1476841257
17118,3303,endat86,1476841269
17001,3303,onwatch,1476868598
17001,3303,start,1476868600
17001,3303,half,1476869728
17001,3303,endat102,1476875530
17004,3303,onwatch,1476930282
17004,3303,start,1476930290
17004,3303,half,1476933587
17004,3303,endat99,1477020124
17061,3303,onwatch,1477261197
17061,3303,start,1477270236
17169,3303,start,1477357637
17169,3303,half,1477360431
17169,3303,endat97,1477364596
17201,3303,start,1477582875
17201,3303,endat38,1477602213
16131,3303,onwatch,1478009636
16131,3303,start,1478010866
16830,3303,onwatch,1478073895
16830,3303,endat0,1478073908
17243,3303,onwatch,1478285915
16698,3303,onwatch,1478616000
16698,3303,start,1478616072
17243,3303,endat0,1478617805
16698,3303,half,1478619766
16698,3303,finished,1478622284
16698,3303,endat100,1478646830
13405,3303,onwatch,1478686654
13405,3303,start,1478686664
13405,3303,onwatch,1478696004
13405,3303,start,1478696008
13405,3303,endat34,1478697424
13405,3303,onwatch,1478697424
13405,3303,start,1478697431
13405,3303,onwatch,1478697438
13405,3303,onwatch,1478697476
13405,3303,start,1478697478
13405,3303,onwatch,1478697493
13405,3303,onwatch,1478697580
13405,3303,start,1478697583
13405,3303,endat40,1478697867
13405,3303,onwatch,1478697867
13405,3303,start,1478697869
13405,3303,half,1478698358
17187,3303,onwatch,1478759329
17187,3303,start,1478759334
13405,3303,endat56,1478760661
17319,3303,onwatch,1479325574
17319,3303,start,1479325583
17319,3303,onwatch,1479405560
17083,3303,onwatch,1479693250
17083,3303,start,1479693410
17083,3303,half,1479695824
17083,3303,finished,1479698231
17083,3303,endat100,1479784801
16479,3303,onwatch,1479835925
16479,3303,start,1479836046
16479,3303,half,1479838459
16479,3303,finished,1479840866
16479,3303,endat100,1479841056
12229,3303,onwatch,1479926160
12229,3303,start,1479926172
12229,3303,endat5,1479926231
12229,3303,onwatch,1479935788
12229,3303,start,1479935790
12229,3303,endat5,1479935796
9071,3303,onwatch,1481907328
9071,3303,start,1481907330
9071,3303,endat28,1481907340
17159,3303,onwatch,1482165284
17159,3303,start,1482165291
13405,3303,onwatch,1483000626
13405,3303,start,1483000631
17569,3303,onwatch,1483629511
17569,3303,start,1483629524
17569,3303,endat0,1483629558
17627,3303,onwatch,1483985062
17627,3303,endat0,1483985068
17677,3303,onwatch,1484457987
17677,3303,start,1484457998
17677,3303,endat0,1484458024
17677,3303,onwatch,1484458025
17677,3303,start,1484458113
17159,3303,onwatch,1484471692
17159,3303,start,1484471697
17159,3303,endat0,1484471700
17697,3303,onwatch,1484685877
17697,3303,start,1484685902
17697,3303,endat29,1484687983
13333,3303,onwatch,1484704499
17200,3303,onwatch,1484839452
17200,3303,start,1484839455
17200,3303,start,1484839466
17200,3303,endat12,1484840050
17728,3303,onwatch,1485168095
17728,3303,start,1485168104
17728,3303,endat4,1485168323
17728,3303,endat8,1485168324
17728,3303,endat12,1485168324
11542,3303,onwatch,1485185722
11542,3303,start,1485185734
11542,3303,endat21,1485186137
15478,3303,onwatch,1485199466
15478,3303,start,1485199477
15478,3303,endat4,1485241234
17622,3303,onwatch,1485488597
17622,3303,start,1485488632
17622,3303,half,1485491684
17622,3303,endat97,1485494680
11795,3303,onwatch,1485800828
11795,3303,start,1485800833
11795,3303,half,1485801890
11795,3303,endat50,1485801958
17645,3303,onwatch,1485890892
17645,3303,start,1485891046
17645,3303,endat4,1485891373
13333,3303,onwatch,1486139530
13333,3303,start,1486139533
13333,3303,half,1486139537
17800,3303,onwatch,1486156660
17800,3303,start,1486156663
17800,3303,endat40,1486156673
15575,3303,onwatch,1486331572
15575,3303,onwatch,1486331573
15575,3303,endat0,1486331584
13333,3303,endat99,1486385165
17315,3303,onwatch,1486498623
17315,3303,endat0,1486498645
17315,3303,onwatch,1486498646
17315,3303,endat0,1486498657
9792,3303,onwatch,1486572733
9792,3303,start,1486572737
9792,3303,half,1486575760
17826,3303,onwatch,1486589923
17826,3303,start,1486589934
17826,3303,endat28,1486591651
17826,3303,half,1486591652
9792,3303,endat65,1486595318
9792,3303,start,1486595320
9792,3303,onwatch,1486595320
9792,3303,start,1486595323
9792,3303,half,1486595326
9792,3303,endat76,1486595843
5329,3303,onwatch,1487064285
5329,3303,onwatch,1487064292
5329,3303,endat0,1487064296
5329,3303,start,1487064310
5329,3303,endat0,1487064358
17800,3303,onwatch,1487979235
17800,3303,start,1487979241
17947,3303,onwatch,1488140704
17947,3303,start,1488141912
17337,3303,onwatch,1488561629
17337,3303,endat0,1488561644
17337,3303,onwatch,1488561645
17337,3303,endat0,1488561681
17365,3303,onwatch,1488881785
17365,3303,start,1488881791
17365,3303,endat37,1488881802
18033,3303,start,1489046788
18033,3303,half,1489053095
18033,3303,finished,1489064108
18033,3303,endat105,1489064111
18033,3303,endat0,1489064123
18044,3303,onwatch,1489247196
15912,3303,onwatch,1489339714
15912,3303,start,1489339774
15912,3303,onwatch,1489346787
18003,3303,onwatch,1489412889
18003,3303,endat0,1489412981
14419,3303,onwatch,1489413986
14419,3303,start,1489414043
14419,3303,half,1489417535
14419,3303,finished,1489419942
14419,3303,endat100,1489422590
17777,3303,onwatch,1490364640
17777,3303,start,1490364645
17777,3303,start,1490364649
17777,3303,endat15,1490364670
16652,3303,onwatch,1490472986
16652,3303,start,1490472992
17947,3303,onwatch,1490473452
16652,3303,half,1490474440
16652,3303,onwatch,1490632043
16652,3303,start,1490632048
16652,3303,half,1490632049
16652,3303,finished,1490633646
16652,3303,finished,1490634756
11046,3303,onwatch,1490884850
11046,3303,start,1490884851
11046,3303,half,1490884856
11046,3303,endat97,1490884861
11046,3303,onwatch,1490884888
11046,3303,start,1490884895
11046,3303,half,1490884897
11046,3303,endat97,1490884917
12023,3303,onwatch,1491740938
12023,3303,start,1491767028
12023,3303,endat0,1491768610
17947,3303,endat0,1492064727
18244,3303,start,1492089282
18244,3303,endat0,1492089355
18244,3303,start,1492089361
18244,3303,endat0,1492089382
10082,3303,onwatch,1492195211
10082,3303,start,1492195228
18307,3303,onwatch,1493200726
18307,3303,endat0,1493204722
9665,3303,onwatch,1493312520
9665,3303,start,1493312526
9665,3303,start,1493312537
9665,3303,endat5,1493312797
18332,3303,onwatch,1493373242
18332,3303,onwatch,1493376946
16406,3303,onwatch,1493660848
16406,3303,start,1493660854
16406,3303,half,1493663269
16406,3303,endat81,1493664780
16406,3303,onwatch,1493734176
16406,3303,start,1493734178
16406,3303,half,1493734182
16406,3303,endat97,1493734952
18302,3303,onwatch,1493917001
18302,3303,start,1493917017
18302,3303,endat33,1493918791
18351,3303,onwatch,1494036886
18351,3303,start,1494036896
18351,3303,endat3,1494037064
18433,3303,onwatch,1494352801
18332,3303,onwatch,1494971000
18332,3303,onwatch,1494972748
18332,3303,onwatch,1494976537
18332,3303,onwatch,1494976709
18332,3303,onwatch,1494977146
18332,3303,onwatch,1494977230
18332,3303,onwatch,1494977351
18332,3303,onwatch,1494977466
18332,3303,onwatch,1494977704
18332,3303,onwatch,1494977791
18332,3303,onwatch,1494979593
18332,3303,onwatch,1494979809
18332,3303,onwatch,1494980115
18332,3303,onwatch,1494980307
18332,3303,onwatch,1494980817
18332,3303,onwatch,1494981048
18332,3303,onwatch,1494981353
18332,3303,onwatch,1494981703
18332,3303,onwatch,1494982214
18332,3303,onwatch,1494982412
18332,3303,onwatch,1494982925
18332,3303,onwatch,1494983140
15114,3303,onwatch,1496161078
15114,3303,start,1496161082
15114,3303,start,1496161093
15114,3303,half,1496163496
15114,3303,endat89,1496165583
17656,3303,onwatch,1496766484
17656,3303,start,1496766487
17656,3303,endat39,1496768937
14889,3303,onwatch,1497388487
14889,3303,start,1497388510
14889,3303,half,1497391226
18764,3303,onwatch,1498777323
18764,3303,start,1498777334
18764,3303,endat0,1498777347
18749,3303,onwatch,1498922233
18749,3303,start,1498922240
18749,3303,half,1498926486
18749,3303,finished,1498928668
18749,3303,endat62,1498965507
18751,3303,onwatch,1499367479
18751,3303,start,1499367698
18751,3303,half,1499370113
17509,3303,start,1500057331
16472,3303,onwatch,1501727005
16472,3303,start,1501730849
16472,3303,half,1501735306
17741,3303,onwatch,1504259729
17741,3303,start,1504259735
17741,3303,half,1504261648
17741,3303,endat73,1504262627
18633,3303,onwatch,1504813924
18633,3303,start,1504813959
18633,3303,endat0,1504813963
15477,3303,onwatch,1505498146
15477,3303,start,1505498160
17305,3303,onwatch,1505641663
17305,3303,endat0,1505641675
17305,3303,onwatch,1505641676
17305,3303,endat0,1505641682
17305,3303,onwatch,1505641729
17305,3303,endat0,1505644959
6712,3303,onwatch,1505827493
6712,3303,endat0,1505829002
15477,3303,onwatch,1505915893
15477,3303,start,1505915894
15477,3303,half,1505917193
19115,3303,onwatch,1507100885
19115,3303,start,1507100889
19115,3303,half,1507103408
16527,3303,onwatch,1507168694
16527,3303,start,1507168712
16527,3303,endat49,1507186209
19115,3303,onwatch,1507186878
19115,3303,start,1507187374
14285,3303,onwatch,1509575743
14285,3303,start,1509575744
14285,3303,half,1509575748
14285,3303,onwatch,1509639202
14285,3303,start,1509639205
14285,3303,half,1509639211
14285,3303,finished,1509639228
14285,3303,endat100,1509639322
14285,3303,onwatch,1509639323
14285,3303,start,1509639329
14285,3303,half,1509639331
14285,3303,finished,1509639349
14285,3303,onwatch,1509643657
14285,3303,start,1509643659
14285,3303,half,1509643660
14285,3303,onwatch,1509656457
14285,3303,start,1509656459
14285,3303,endat26,1509660660
14285,3303,onwatch,1509725457
14285,3303,start,1509725459
14285,3303,half,1509725462
14285,3303,onwatch,1509727114
14285,3303,start,1509727117
14285,3303,half,1509727121
14285,3303,endat88,1509739565
14285,3303,endat100,1509742381
14285,3303,endat151,1509753468
19362,3303,onwatch,1510425467
19362,3303,start,1510425473
19362,3303,endat18,1510520649
19456,3303,onwatch,1512380962
19456,3303,endat0,1512382049
15021,3303,onwatch,1512403605
15021,3303,start,1512403617
15021,3303,endat25,1512404141
19186,3303,onwatch,1512619651
19186,3303,onwatch,1512619657
19186,3303,endat0,1512620959
17793,3303,onwatch,1514138271
17793,3303,endat0,1514138282
19062,3303,onwatch,1515447311
19062,3303,start,1515447344
8295,3303,onwatch,1516396120
8295,3303,start,1516396134
8295,3303,half,1516400643
8295,3303,endat61,1516401307
19594,3303,onwatch,1516612960
19594,3303,start,1516612964
8214,3303,onwatch,1516638356
8214,3303,start,1516638357
8214,3303,half,1516638360
8214,3303,endat105,1516639114
8214,3303,onwatch,1516639337
8214,3303,start,1516639344
13790,3303,onwatch,1516660371
13790,3303,start,1516660380
13790,3303,endat0,1516660515
13790,3303,onwatch,1516660516
13790,3303,start,1516660518
13790,3303,half,1516663695
13790,3303,finished,1516666226
13790,3303,endat100,1516693860
19594,3303,endat17,1516713126
8214,3303,endat33,1516719724
8214,3303,onwatch,1516719724
8214,3303,start,1516719727
8214,3303,start,1516719738
8214,3303,onwatch,1516719862
8214,3303,start,1516719864
8214,3303,endat33,1516719918
8214,3303,onwatch,1516719919
8214,3303,start,1516719924
8214,3303,half,1516720292
8214,3303,endat70,1516730562
19062,3303,onwatch,1516817337
19062,3303,start,1516817340
19062,3303,endat0,1516817384
19062,3303,onwatch,1516817384
19062,3303,start,1516817386
19062,3303,half,1516818689
19062,3303,endat92,1516822208
19355,3303,onwatch,1516909341
19355,3303,start,1516909347
19355,3303,onwatch,1516975921
19362,3303,onwatch,1517479695
19362,3303,start,1517479698
19362,3303,half,1517481488
19362,3303,endat134,1517486040
19362,3303,endat146,1517486041
19667,3303,onwatch,1517628721
19667,3303,onwatch,1517652523
19655,3303,onwatch,1518033114
19655,3303,start,1518033122
19655,3303,endat16,1518033930
19682,3303,onwatch,1518099543
19682,3303,start,1518101809
19682,3303,half,1518103770
19682,3303,endat98,1518109848
19730,3303,start,1519657199
19730,3303,start,1519657369
19730,3303,endat0,1519657380
19730,3303,endat36,1519687499
19730,3303,start,1519726120
19730,3303,endat44,1519733353
19730,3303,start,1519733424
19730,3303,endat44,1519737074
19730,3303,start,1519810610
19730,3303,endat44,1519814260
19682,3303,onwatch,1519998710
19682,3303,start,1519998715
19682,3303,half,1519998717
19682,3303,onwatch,1520224281
19682,3303,start,1520224283
19682,3303,half,1520225672
19682,3303,endat99,1520226787
19682,3303,onwatch,1520260717
19682,3303,start,1520260718
19682,3303,endat0,1520260722
19682,3303,onwatch,1520260840
19682,3303,start,1520260842
19682,3303,half,1520260845
19682,3303,endat96,1520265151
19682,3303,start,1520265155
19682,3303,half,1520265157
19682,3303,endat93,1520351377
19682,3303,onwatch,1521321693
19682,3303,start,1521321694
19682,3303,half,1521321699
19682,3303,endat105,1521417018
19682,3303,onwatch,1521447754
19682,3303,start,1521447757
18463,3303,onwatch,1521490699
18463,3303,start,1521490710
18885,3303,onwatch,1521552832
19494,3303,onwatch,1521570552
19494,3303,endat0,1521570625
19494,3303,onwatch,1521570626
19494,3303,start,1521570685
19494,3303,endat33,1521572949
19494,3303,onwatch,1521572950
19494,3303,start,1521572956
19494,3303,half,1521573705
19494,3303,endat63,1521573966
19682,3303,half,1521585288
19682,3303,endat92,1521585289
19838,3303,onwatch,1521661418
19838,3303,start,1521661427
19838,3303,half,1521664630
19838,3303,finished,1521665941
19838,3303,endat40,1522684137
19784,3303,onwatch,1524068793
19784,3303,start,1524068797
19784,3303,endat2,1524069313
14375,3303,onwatch,1526418597
14375,3303,endat0,1526418614
11712,3303,onwatch,1526515114
11712,3303,start,1526515119
18458,3303,onwatch,1526674860
18458,3303,start,1526674864
18458,3303,half,1526683106
18458,3303,endat64,1526684299
18458,3303,onwatch,1526779759
18458,3303,start,1526779760
18458,3303,half,1526779766
18458,3303,finished,1526788014
18458,3303,endat100,1526788394
18458,3303,onwatch,1526867295
18458,3303,start,1526867296
18458,3303,half,1526867303
18458,3303,endat99,1526867795
12962,3303,onwatch,1528162267
12962,3303,endat0,1528162274
12962,3303,onwatch,1528162275
12962,3303,start,1528162284
12962,3303,endat10,1528169501
20076,3303,onwatch,1529660282
20076,3303,endat0,1529660295
18977,3303,onwatch,1529691446
17656,3303,onwatch,1529933305
17656,3303,start,1529933310
17656,3303,endat0,1529933393
18977,3303,endat0,1529934325
17656,3303,onwatch,1529943705
17656,3303,start,1529943752
17656,3303,onwatch,1530018476
17656,3303,start,1530018649
17656,3303,endat0,1530018883
17656,3303,onwatch,1530018884
17656,3303,start,1530018891
17656,3303,half,1530019026
17656,3303,endat72,1530049922
17656,3303,endat46,1530049945
19784,3303,onwatch,1531157581
19784,3303,start,1531157583
19784,3303,half,1531157587
19784,3303,endat107,1531157695
19784,3303,onwatch,1531157698
19784,3303,start,1531157699
4,3303,onwatch,1531254442
4,3303,start,1531254452
4,3303,half,1531254455
4,3303,endat91,1531254459
3805,3303,onwatch,1531491381
5802,3303,onwatch,1532040978
5802,3303,start,1532040981
5802,3303,half,1532040982
5802,3303,finished,1532040995
8214,3303,onwatch,1532113661
8214,3303,start,1532113664
8214,3303,half,1532113665
8295,3303,onwatch,1532115954
8295,3303,start,1532115957
8295,3303,half,1532115962
8295,3303,endat134,1532119393
8214,3303,endat60,1532136160
16026,3303,onwatch,1532184962
16026,3303,endat0,1532185849
20137,3303,onwatch,1532271263
20137,3303,start,1532271455
20137,3303,half,1532278273
20080,3303,onwatch,1532279775
20080,3303,start,1532279816
20080,3303,endat0,1532281505
20080,3303,onwatch,1532281505
20080,3303,start,1532281509
8214,3303,onwatch,1532286159
8214,3303,start,1532286161
8214,3303,half,1532289608
8214,3303,endat69,1532292761
8214,3303,onwatch,1532292767
8214,3303,start,1532292769
8214,3303,half,1532292770
10977,3303,start,1532293587
8214,3303,endat97,1532294434
10977,3303,half,1532297529
10977,3303,endat97,1532304866
20137,3303,endat104,1532325493
20137,3303,endat104,1532325494
20080,3303,endat0,1532348506
20080,3303,onwatch,1532348506
20080,3303,start,1532348509
20080,3303,half,1532350115
20080,3303,endat65,1532351710
20080,3303,onwatch,1532351710
20080,3303,start,1532351725
20080,3303,half,1532351741
13140,3303,onwatch,1532376424
13140,3303,start,1532376426
13405,3303,onwatch,1532424153
13405,3303,start,1532424158
13405,3303,onwatch,1532494155
13405,3303,start,1532494160
13898,3303,onwatch,1532510951
13898,3303,start,1532510953
7157,3303,onwatch,1532609954
7157,3303,start,1532609959
20080,3303,onwatch,1532646825
20080,3303,start,1532646827
20080,3303,half,1532646830
20080,3303,onwatch,1532675729
20080,3303,start,1532675731
13898,3303,endat48,1532683272
13898,3303,onwatch,1532683273
13898,3303,start,1532683274
20080,3303,half,1532713409
20080,3303,finished,1532716033
13898,3303,endat7,1532787361
16724,3303,onwatch,1532799516
16724,3303,start,1532799535
16724,3303,half,1532806560
13898,3303,onwatch,1532810469
13898,3303,start,1532810472
16724,3303,endat96,1532821224
20080,3303,finished,1532863553
13898,3303,endat7,1532864112
13898,3303,onwatch,1532864113
13898,3303,start,1532864115
13898,3303,endat7,1532864129
13898,3303,onwatch,1532885601
13898,3303,start,1532885603
13898,3303,endat24,1532909605
13898,3303,start,1532909620
20080,3303,endat108,1532933944
20080,3303,endat196,1532934015
20214,3303,onwatch,1534749961
20214,3303,endat0,1534752824
13505,3303,onwatch,1537218323
13505,3303,start,1537218327
13505,3303,half,1537218335
13505,3303,start,1537252884
