4,6829,onwatch,1471888233
4,6829,endat0,1471888241
4,6829,onwatch,1471888279
4,6829,endat0,1471888303
4,6829,onwatch,1471888303
4,6829,start,1471888314
4,6829,endat1,1471888368
11046,6829,onwatch,1471898047
11046,6829,start,1471898053
11046,6829,endat32,1471899529
7407,6829,onwatch,1471912271
7407,6829,start,1471912279
7407,6829,half,1471914276
7407,6829,onwatch,1471917811
7407,6829,start,1471917824
7407,6829,half,1471917824
16611,6829,onwatch,1471931041
16611,6829,start,1471931051
16611,6829,half,1471932557
16607,6829,onwatch,1471933600
16607,6829,start,1471933621
15009,6829,onwatch,1471934517
15009,6829,start,1471934524
16611,6829,endat13,1471940902
16611,6829,onwatch,1471942700
14625,6829,onwatch,1471962158
14625,6829,start,1471962163
14625,6829,endat23,1471963997
16650,6829,start,1471970193
16650,6829,half,1471970202
16650,6829,endat95,1471970244
16650,6829,start,1471970252
16650,6829,half,1471971160
16650,6829,endat120,1471973259
16028,6829,onwatch,1471977615
11197,6829,onwatch,1471979932
11197,6829,start,1471979941
16652,6829,endat0,1471984309
16654,6829,onwatch,1471994723
16654,6829,start,1471994729
16611,6829,onwatch,1472001476
16376,6829,onwatch,1472004816
16376,6829,start,1472004828
16376,6829,endat19,1472011130
16611,6829,onwatch,1472033760
16611,6829,onwatch,1472037395
16611,6829,start,1472037401
16611,6829,endat22,1472042879
16654,6829,endat2,1472061788
9552,6829,onwatch,1472061902
11197,6829,endat39,1472061922
9552,6829,onwatch,1472062026
15453,6829,onwatch,1472062290
15453,6829,start,1472062298
9552,6829,endat0,1472062414
15453,6829,half,1472063406
15453,6829,endat126,1472066409
9552,6829,endat0,1472128949
14445,6829,onwatch,1472131659
14445,6829,start,1472131674
14445,6829,half,1472133671
14445,6829,endat63,1472134371
14445,6829,onwatch,1472134372
14445,6829,start,1472134378
14445,6829,half,1472134378
14445,6829,endat65,1472134473
14445,6829,onwatch,1472134473
14445,6829,half,1472134478
14445,6829,start,1472134478
14445,6829,endat65,1472134498
14445,6829,onwatch,1472134499
14445,6829,start,1472134503
14445,6829,half,1472134503
14445,6829,endat65,1472134514
5746,6829,onwatch,1472140152
5746,6829,start,1472140248
5746,6829,endat13,1472143198
14984,6829,onwatch,1472151089
16548,6829,onwatch,1472151172
14984,6829,start,1472151473
16548,6829,endat0,1472151788
14984,6829,onwatch,1472152029
14984,6829,start,1472152041
14984,6829,onwatch,1472152147
14984,6829,start,1472152232
14984,6829,half,1472153790
8295,6829,onwatch,1472168737
12962,6829,onwatch,1472171069
12962,6829,start,1472171082
14984,6829,onwatch,1472180025
12962,6829,start,1472188572
16607,6829,onwatch,1472193488
16607,6829,start,1472193490
16607,6829,endat24,1472194030
16607,6829,onwatch,1472194031
16607,6829,onwatch,1472194033
16607,6829,start,1472194037
16607,6829,half,1472195288
16611,6829,onwatch,1472198783
16611,6829,start,1472198791
16611,6829,endat21,1472199033
16611,6829,onwatch,1472199033
16611,6829,start,1472199045
16611,6829,endat45,1472205375
12962,6829,endat23,1472214783
11046,6829,onwatch,1472218744
11046,6829,start,1472218745
11046,6829,half,1472219540
15582,6829,onwatch,1472224473
15582,6829,endat0,1472224485
11046,6829,endat77,1472225064
8295,6829,endat0,1472226624
16607,6829,endat84,1472231295
16607,6829,start,1472231300
15420,6829,onwatch,1472233271
15420,6829,start,1472233322
14060,6829,onwatch,1472234795
14060,6829,start,1472234798
14060,6829,half,1472238968
16631,6829,onwatch,1472239123
16631,6829,start,1472239903
16672,6829,onwatch,1472240172
16631,6829,endat0,1472240193
16672,6829,endat0,1472240697
15420,6829,endat4,1472243810
15420,6829,onwatch,1472243811
15420,6829,start,1472243814
15420,6829,start,1472243900
14060,6829,endat94,1472244162
15420,6829,onwatch,1472244416
15420,6829,start,1472244451
15420,6829,endat2,1472244500
15420,6829,start,1472244561
15420,6829,onwatch,1472246805
15420,6829,start,1472246843
15420,6829,onwatch,1472246887
15420,6829,start,1472246942
4849,6829,onwatch,1472247020
4849,6829,start,1472247023
15420,6829,onwatch,1472247364
15420,6829,start,1472247399
15420,6829,half,1472249556
15395,6829,onwatch,1472322160
15395,6829,start,1472322180
16631,6829,onwatch,1472366607
16631,6829,start,1472366609
16631,6829,endat0,1472366628
15395,6829,onwatch,1472367050
16676,6829,onwatch,1472416006
16676,6829,start,1472416010
16676,6829,half,1472418617
15395,6829,onwatch,1472449985
14108,6829,onwatch,1472453921
14108,6829,start,1472453926
15395,6829,onwatch,1472461906
11949,6829,onwatch,1472488625
11949,6829,start,1472488644
16682,6829,onwatch,1472497273
16682,6829,start,1472497284
16682,6829,onwatch,1472497316
16682,6829,start,1472497319
16682,6829,endat0,1472497950
14138,6829,onwatch,1472502481
14138,6829,endat0,1472502559
15420,6829,onwatch,1472503663
15420,6829,start,1472503680
15420,6829,half,1472503681
16607,6829,onwatch,1472508590
16607,6829,start,1472508592
16607,6829,endat29,1472508628
16607,6829,start,1472508690
14108,6829,onwatch,1472513141
14108,6829,start,1472513143
14108,6829,half,1472513658
15420,6829,onwatch,1472515224
15420,6829,start,1472515227
15420,6829,half,1472515229
14108,6829,endat93,1472515371
16682,6829,endat43,1472518599
15420,6829,endat67,1472524508
16673,6829,onwatch,1472525004
16673,6829,start,1472525008
8667,6829,onwatch,1472539476
8667,6829,start,1472539487
16369,6829,onwatch,1472554558
16369,6829,start,1472554565
16369,6829,half,1472556818
16369,6829,endat88,1472558750
16576,6829,onwatch,1472566035
16576,6829,start,1472566041
16576,6829,half,1472567833
16576,6829,endat76,1472567906
11949,6829,endat29,1472570219
11949,6829,onwatch,1472570220
11949,6829,start,1472570222
15720,6829,onwatch,1472573268
15720,6829,endat0,1472573271
16405,6829,onwatch,1472574280
16405,6829,start,1472575066
16405,6829,half,1472577063
16405,6829,endat96,1472578994
16673,6829,endat10,1472579384
15813,6829,onwatch,1472597017
15813,6829,start,1472597028
14654,6829,onwatch,1472599285
14654,6829,endat0,1472599497
9501,6829,onwatch,1472629269
15813,6829,endat0,1472652708
13790,6829,onwatch,1472656652
13790,6829,start,1472656692
15859,6829,onwatch,1472659409
15859,6829,start,1472659449
13790,6829,half,1472659847
13790,6829,endat76,1472660940
16376,6829,onwatch,1472662001
16376,6829,start,1472662011
15813,6829,onwatch,1472662406
15813,6829,start,1472662407
16376,6829,endat31,1472664304
13101,6829,onwatch,1472665825
13101,6829,start,1472665838
13101,6829,half,1472667173
13101,6829,endat96,1472667186
14138,6829,onwatch,1472671157
14138,6829,start,1472671174
15859,6829,half,1472671705
14138,6829,half,1472673429
14138,6829,endat109,1472674777
15859,6829,endat93,1472675831
15813,6829,endat0,1472679967
15813,6829,onwatch,1472679968
15813,6829,endat0,1472679991
15813,6829,onwatch,1472679992
15813,6829,start,1472680000
5746,6829,onwatch,1472683621
5746,6829,start,1472683627
5746,6829,endat13,1472684631
9501,6829,onwatch,1472688155
6805,6829,onwatch,1472700679
6805,6829,start,1472700704
9977,6829,onwatch,1472727690
9977,6829,start,1472727699
9977,6829,half,1472730675
5785,6829,onwatch,1472730951
5785,6829,start,1472730959
16705,6829,onwatch,1472742131
16705,6829,start,1472742140
16611,6829,onwatch,1472745017
16611,6829,start,1472745022
16611,6829,half,1472745231
16611,6829,endat81,1472746050
16705,6829,half,1472746554
15813,6829,endat3,1472749009
16705,6829,finished,1472752156
16705,6829,endat103,1472752163
16652,6829,onwatch,1472752404
16652,6829,start,1472752407
16652,6829,endat15,1472753033
4361,6829,onwatch,1472754419
4361,6829,endat0,1472754485
9501,6829,endat0,1472772643
9379,6829,onwatch,1472796169
9379,6829,start,1472796190
9379,6829,endat10,1472796640
9379,6829,start,1472796688
5785,6829,endat25,1472798501
9379,6829,endat30,1472860395
11607,6829,onwatch,1472925047
11607,6829,start,1472925053
9379,6829,onwatch,1472934943
11607,6829,half,1472953593
11607,6829,endat94,1472957305
11607,6829,endat189,1472957307
9379,6829,endat0,1472963793
9379,6829,onwatch,1472966340
9379,6829,start,1472966418
9379,6829,half,1472967255
9379,6829,finished,1472970411
9193,6829,onwatch,1473005248
9193,6829,start,1473005256
9193,6829,half,1473007254
9193,6829,endat85,1473021117
9379,6829,endat129,1473028624
9379,6829,onwatch,1473028625
9379,6829,start,1473028628
9379,6829,half,1473028629
9379,6829,endat139,1473030627
9379,6829,onwatch,1473030628
9379,6829,start,1473030634
9379,6829,half,1473031376
9379,6829,finished,1473033969
9379,6829,endat100,1473034226
8667,6829,onwatch,1473037015
8667,6829,start,1473037017
14634,6829,onwatch,1473075712
14634,6829,start,1473075721
14634,6829,endat30,1473077015
16676,6829,endat83,1473086704
16714,6829,onwatch,1473087565
16714,6829,start,1473087570
16714,6829,half,1473089569
14695,6829,onwatch,1473119349
14695,6829,start,1473119352
14695,6829,endat19,1473120117
16714,6829,endat99,1473148239
15965,6829,onwatch,1473153878
15965,6829,endat0,1473153892
10905,6829,onwatch,1473181874
10905,6829,start,1473181880
10905,6829,onwatch,1473182874
10905,6829,start,1473182883
10905,6829,endat23,1473182916
10905,6829,endat24,1473183399
10905,6829,onwatch,1473183432
10905,6829,start,1473183434
10905,6829,half,1473184490
10905,6829,endat95,1473186580
9785,6829,onwatch,1473200429
9785,6829,start,1473200436
16581,6829,onwatch,1473200492
16581,6829,endat0,1473200494
9785,6829,endat49,1473203240
16026,6829,onwatch,1473229767
16724,6829,onwatch,1473245263
16724,6829,start,1473247181
16724,6829,half,1473248730
16724,6829,endat141,1473251617
15117,6829,onwatch,1473255112
15117,6829,endat0,1473255123
15334,6829,onwatch,1473274801
15334,6829,start,1473274804
15334,6829,endat40,1473275199
15534,6829,onwatch,1473275318
14277,6829,onwatch,1473276889
14277,6829,start,1473276894
14277,6829,half,1473279290
15916,6829,onwatch,1473279928
15916,6829,start,1473279941
15916,6829,half,1473281940
14277,6829,finished,1473282416
14277,6829,endat108,1473288244
15916,6829,finished,1473292631
15916,6829,endat100,1473292821
13658,6829,onwatch,1473325675
13658,6829,endat0,1473325682
16733,6829,onwatch,1473346704
16733,6829,endat0,1473346718
16410,6829,onwatch,1473429406
16410,6829,start,1473429413
16410,6829,half,1473429417
16410,6829,endat105,1473429438
16614,6829,onwatch,1473430326
16614,6829,start,1473430332
16410,6829,onwatch,1473433483
16410,6829,start,1473433485
16410,6829,half,1473433487
16410,6829,finished,1473433545
16410,6829,endat100,1473435142
16410,6829,onwatch,1473435143
16410,6829,start,1473435146
16410,6829,half,1473437271
9724,6829,onwatch,1473437493
9724,6829,start,1473437501
16410,6829,endat84,1473439697
9724,6829,endat29,1473442356
12229,6829,onwatch,1473448256
12229,6829,start,1473448259
12229,6829,half,1473450256
16586,6829,onwatch,1473451095
16586,6829,start,1473451100
16586,6829,half,1473453291
12229,6829,endat72,1473454336
16586,6829,finished,1473455284
14833,6829,onwatch,1473460572
14833,6829,start,1473460575
16743,6829,onwatch,1473461911
16743,6829,endat0,1473461939
16586,6829,endat100,1473484186
13351,6829,onwatch,1473510347
13351,6829,start,1473510350
13351,6829,half,1473512382
16588,6829,onwatch,1473526999
16588,6829,start,1473527006
16479,6829,onwatch,1473530927
16479,6829,start,1473530932
16479,6829,half,1473532930
13351,6829,onwatch,1473534778
13351,6829,start,1473534786
16479,6829,endat61,1473539836
16588,6829,half,1473541107
16746,6829,onwatch,1473548635
16746,6829,start,1473548639
16746,6829,half,1473550310
16746,6829,endat100,1473550737
10147,6829,onwatch,1473554438
10147,6829,start,1473554445
10147,6829,half,1473556904
10147,6829,finished,1473559211
15431,6829,onwatch,1473586767
15431,6829,endat0,1473586942
14487,6829,onwatch,1473634756
14487,6829,start,1473634766
14487,6829,endat2,1473634870
16744,6829,onwatch,1473681456
16744,6829,start,1473681459
16744,6829,half,1473684004
13233,6829,onwatch,1473695085
13233,6829,start,1473695157
16116,6829,onwatch,1473700966
16116,6829,endat0,1473700982
13233,6829,endat9,1473707057
6729,6829,onwatch,1473707068
6729,6829,start,1473707075
6729,6829,half,1473709200
6729,6829,endat99,1473712572
16588,6829,onwatch,1473727976
14855,6829,onwatch,1473755169
14855,6829,start,1473755172
14855,6829,half,1473757896
14855,6829,endat57,1473770854
16700,6829,onwatch,1473796425
16700,6829,start,1473796432
15228,6829,onwatch,1473797870
15228,6829,start,1473797893
16700,6829,half,1473798913
15228,6829,half,1473799891
16700,6829,finished,1473800022
16700,6829,endat100,1473800023
8006,6829,onwatch,1473800299
8006,6829,start,1473800303
15228,6829,finished,1473801883
8006,6829,half,1473802629
15228,6829,endat100,1473804942
14593,6829,onwatch,1473848703
14593,6829,start,1473848717
14593,6829,half,1473850812
16270,6829,onwatch,1473851904
16270,6829,start,1473851981
14593,6829,endat91,1473853011
15892,6829,onwatch,1473869761
15892,6829,endat0,1473869815
16603,6829,onwatch,1473870210
16603,6829,endat0,1473870216
15534,6829,endat0,1473877041
6069,6829,onwatch,1473889007
6069,6829,start,1473889012
15232,6829,onwatch,1473942388
15232,6829,start,1473942409
15232,6829,endat38,1473950332
16425,6829,onwatch,1473960773
16425,6829,start,1473960778
16425,6829,half,1473966855
6069,6829,endat27,1473967864
6069,6829,onwatch,1473967864
6069,6829,start,1473967867
16425,6829,endat78,1473970644
8006,6829,endat53,1473974066
12962,6829,onwatch,1473979977
12962,6829,start,1473979979
16594,6829,onwatch,1473997181
16594,6829,start,1473997186
11282,6829,onwatch,1473998998
11282,6829,start,1473999002
16594,6829,half,1474000017
16594,6829,onwatch,1474006862
16594,6829,endat0,1474006879
11282,6829,endat11,1474007901
16766,6829,start,1474041093
6069,6829,endat32,1474041814
15107,6829,onwatch,1474042431
15107,6829,start,1474042437
14847,6829,onwatch,1474042701
14847,6829,endat0,1474042942
13920,6829,onwatch,1474043130
13920,6829,start,1474043137
13920,6829,endat23,1474044140
16766,6829,half,1474045866
15107,6829,onwatch,1474051703
15107,6829,start,1474051706
15107,6829,half,1474051830
15107,6829,finished,1474053823
15107,6829,endat100,1474053844
16774,6829,start,1474140351
16774,6829,half,1474146484
16718,6829,onwatch,1474172775
16718,6829,start,1474172779
16718,6829,half,1474174952
16718,6829,finished,1474177819
16718,6829,endat101,1474177872
15716,6829,onwatch,1474281524
15716,6829,start,1474281529
15716,6829,endat18,1474281705
16534,6829,onwatch,1474288943
16534,6829,endat0,1474291762
14445,6829,onwatch,1474292719
14445,6829,start,1474292720
14445,6829,half,1474292722
14445,6829,endat187,1474293496
14445,6829,onwatch,1474294560
14445,6829,start,1474294562
14445,6829,half,1474296604
14445,6829,endat82,1474297950
15502,6829,onwatch,1474300748
15502,6829,start,1474300753
15502,6829,endat7,1474301866
16270,6829,onwatch,1474317003
16270,6829,start,1474317008
11411,6829,onwatch,1474332794
15534,6829,onwatch,1474333001
15534,6829,start,1474333010
15534,6829,half,1474338092
15534,6829,endat112,1474339395
13233,6829,onwatch,1474391506
13233,6829,start,1474391508
13233,6829,half,1474395080
13233,6829,endat110,1474395830
15736,6829,onwatch,1474434468
15736,6829,start,1474434473
15494,6829,onwatch,1474438823
15494,6829,start,1474438843
9193,6829,onwatch,1474452517
9193,6829,start,1474452520
9193,6829,half,1474452524
15494,6829,half,1474468674
9193,6829,endat90,1474474571
16166,6829,onwatch,1474478608
16166,6829,start,1474478611
16166,6829,half,1474480627
16166,6829,endat63,1474481272
5802,6829,onwatch,1474490935
5802,6829,endat0,1474490938
15716,6829,onwatch,1474542716
15716,6829,start,1474542732
15716,6829,half,1474544011
15508,6829,onwatch,1474548948
15508,6829,start,1474548954
15508,6829,start,1474565779
15508,6829,start,1474565990
15143,6829,onwatch,1474565998
15143,6829,start,1474566074
15508,6829,half,1474567246
15143,6829,half,1474568492
16805,6829,onwatch,1474574110
16805,6829,start,1474574351
16805,6829,endat3,1474574480
16809,6829,onwatch,1474575658
16809,6829,start,1474575662
16809,6829,endat0,1474575668
16673,6829,onwatch,1474587450
16673,6829,start,1474587452
15489,6829,onwatch,1474588035
15489,6829,start,1474588066
15489,6829,endat3,1474588184
16673,6829,endat29,1474596186
11135,6829,onwatch,1474619931
11135,6829,start,1474619935
11135,6829,endat0,1474619945
3756,6829,onwatch,1474639976
3756,6829,start,1474639981
3756,6829,endat0,1474639992
3756,6829,onwatch,1474640121
3756,6829,start,1474640122
3756,6829,endat0,1474640129
14784,6829,onwatch,1474647475
14784,6829,start,1474647482
14784,6829,half,1474649485
14784,6829,endat60,1474649938
16815,6829,endat0,1474660976
16586,6829,onwatch,1474664943
16586,6829,start,1474664945
16586,6829,half,1474664946
16586,6829,finished,1474664948
16586,6829,endat108,1474684898
16830,6829,onwatch,1474703215
16830,6829,endat0,1474703230
16840,6829,onwatch,1474769370
16840,6829,start,1474769380
16840,6829,half,1474771916
16270,6829,onwatch,1474773476
16270,6829,start,1474773478
16840,6829,endat84,1474773564
16270,6829,half,1474774506
8252,6829,onwatch,1474816577
8252,6829,start,1474816583
8252,6829,half,1474816634
8252,6829,endat82,1474816647
8252,6829,onwatch,1474816718
8252,6829,start,1474816719
8252,6829,half,1474816720
8252,6829,endat81,1474816861
8252,6829,endat179,1474816922
8252,6829,onwatch,1474816925
8252,6829,start,1474816927
8252,6829,half,1474816928
8252,6829,endat98,1474817092
15035,6829,onwatch,1474820578
16544,6829,onwatch,1474836335
16544,6829,start,1474836342
16544,6829,half,1474839106
16847,6829,onwatch,1474839939
16847,6829,start,1474839950
9552,6829,onwatch,1474840097
9552,6829,endat0,1474840215
8667,6829,onwatch,1474845622
8667,6829,start,1474845625
8667,6829,endat43,1474845655
5839,6829,onwatch,1474869879
5839,6829,start,1474869883
16856,6829,onwatch,1474874544
16856,6829,start,1474874551
5839,6829,endat9,1474874663
16856,6829,endat5,1474874752
16858,6829,onwatch,1474881298
16858,6829,endat0,1474881301
16860,6829,onwatch,1474889892
16860,6829,endat0,1474889903
15143,6829,onwatch,1474895941
15143,6829,start,1474895943
15143,6829,half,1474900591
16867,6829,onwatch,1474901882
16867,6829,start,1474902057
16867,6829,half,1474902084
16867,6829,endat97,1474902105
15143,6829,onwatch,1474907793
15143,6829,start,1474907794
15143,6829,half,1474907796
16847,6829,endat6,1474907860
14585,6829,onwatch,1474912467
14585,6829,start,1474912523
16832,6829,onwatch,1474912986
16832,6829,start,1474913001
14138,6829,onwatch,1474918233
14138,6829,start,1474918235
14138,6829,half,1474918236
14138,6829,endat93,1474918239
16878,6829,onwatch,1474918868
16878,6829,start,1474918879
4919,6829,onwatch,1474920727
4919,6829,start,1474920733
16878,6829,half,1474920875
4919,6829,endat5,1474920969
16878,6829,endat69,1474921658
16544,6829,endat125,1474926424
14285,6829,onwatch,1475004526
14285,6829,endat0,1475004529
16344,6829,onwatch,1475035252
16344,6829,start,1475035260
16344,6829,endat0,1475035268
16344,6829,onwatch,1475035268
16344,6829,endat0,1475035335
16344,6829,onwatch,1475035335
16344,6829,onwatch,1475035340
16344,6829,onwatch,1475035340
16344,6829,onwatch,1475035340
16344,6829,onwatch,1475035340
16344,6829,onwatch,1475035340
16344,6829,onwatch,1475035340
16344,6829,onwatch,1475035341
16344,6829,onwatch,1475035341
16344,6829,onwatch,1475035342
16344,6829,onwatch,1475035342
16344,6829,onwatch,1475035342
16344,6829,onwatch,1475035342
16344,6829,endat0,1475035811
15035,6829,endat0,1475061245
15508,6829,onwatch,1475065365
15508,6829,endat0,1475065370
14784,6829,onwatch,1475081147
14784,6829,start,1475081149
14784,6829,half,1475081156
14784,6829,endat90,1475082344
16904,6829,onwatch,1475112396
16904,6829,endat0,1475112403
6334,6829,onwatch,1475115863
6334,6829,start,1475115867
6334,6829,endat2,1475115906
6334,6829,onwatch,1475115919
6334,6829,start,1475115920
6334,6829,half,1475116817
6334,6829,endat118,1475117147
6334,6829,endat0,1475117153
6805,6829,onwatch,1475156434
6805,6829,start,1475156442
6805,6829,half,1475157160
14889,6829,onwatch,1475178076
14889,6829,start,1475178081
13505,6829,onwatch,1475181400
13505,6829,start,1475181407
14889,6829,half,1475183897
14889,6829,endat68,1475184662
14889,6829,start,1475184677
14889,6829,half,1475184678
6805,6829,onwatch,1475186748
13668,6829,onwatch,1475190532
13668,6829,start,1475190541
13668,6829,half,1475192761
13668,6829,endat85,1475194094
14889,6829,endat102,1475243522
14889,6829,onwatch,1475243523
14889,6829,start,1475243524
14889,6829,half,1475243525
15864,6829,onwatch,1475259206
15864,6829,start,1475259210
15864,6829,endat0,1475259450
6805,6829,onwatch,1475278917
16926,6829,onwatch,1475332611
16926,6829,start,1475332617
10999,6829,onwatch,1475347512
10999,6829,start,1475347517
15508,6829,onwatch,1475352560
15508,6829,start,1475352564
15508,6829,half,1475352564
14889,6829,onwatch,1475363867
16926,6829,endat45,1475394818
16926,6829,onwatch,1475394886
16926,6829,endat0,1475394893
6805,6829,onwatch,1475414801
16832,6829,onwatch,1475415327
16832,6829,start,1475415330
16832,6829,half,1475419699
16832,6829,endat95,1475421677
14889,6829,start,1475497953
14889,6829,endat0,1475497954
15864,6829,onwatch,1475522501
15864,6829,endat0,1475522504
13500,6829,onwatch,1475523598
13500,6829,start,1475523602
9510,6829,onwatch,1475532999
9510,6829,start,1475533005
9510,6829,endat0,1475533017
9510,6829,start,1475533031
9510,6829,endat6,1475533599
16946,6829,onwatch,1475559687
16946,6829,start,1475559692
16946,6829,endat0,1475559722
5785,6829,onwatch,1475599135
5785,6829,start,1475599141
16830,6829,onwatch,1475599573
16830,6829,start,1475599587
16830,6829,endat2,1475599683
5785,6829,half,1475600039
16919,6829,onwatch,1475604686
16919,6829,start,1475604715
16919,6829,endat32,1475607641
16919,6829,half,1475607642
16536,6829,onwatch,1475644724
16536,6829,start,1475644737
16536,6829,half,1475644756
16536,6829,endat95,1475644764
16536,6829,onwatch,1475644790
16536,6829,start,1475644793
16536,6829,half,1475644798
16536,6829,endat90,1475644837
16536,6829,onwatch,1475644839
16536,6829,start,1475644856
16536,6829,endat0,1475644871
16919,6829,onwatch,1475680172
16919,6829,start,1475680173
16919,6829,endat48,1475680848
12675,6829,onwatch,1475682746
12675,6829,start,1475682760
12675,6829,endat2,1475682853
12675,6829,start,1475682865
12675,6829,endat43,1475689372
11411,6829,onwatch,1475801837
11411,6829,start,1475801885
11411,6829,onwatch,1475807143
11411,6829,endat0,1475807145
11411,6829,start,1475807145
11411,6829,half,1475807898
16847,6829,onwatch,1475839596
16847,6829,start,1475839599
16894,6829,onwatch,1475840379
16894,6829,endat0,1475840438
16847,6829,endat28,1475840520
16847,6829,endat51,1475840521
16968,6829,onwatch,1475855749
16968,6829,endat0,1475855762
16869,6829,onwatch,1475860148
16869,6829,start,1475860151
16869,6829,endat14,1475860755
16946,6829,onwatch,1475866760
16946,6829,start,1475866762
15305,6829,onwatch,1475867865
15305,6829,start,1475867889
15334,6829,onwatch,1475868197
15334,6829,start,1475868198
16946,6829,endat0,1475868434
16142,6829,onwatch,1475868712
16142,6829,start,1475868730
13606,6829,onwatch,1475869355
15305,6829,half,1475869965
16257,6829,onwatch,1475870480
16257,6829,start,1475870483
16257,6829,half,1475870542
11411,6829,onwatch,1475871771
11411,6829,start,1475871773
11411,6829,half,1475871779
16257,6829,endat118,1475871803
15334,6829,endat39,1475872403
11411,6829,endat99,1475876875
16142,6829,half,1475877126
16142,6829,endat54,1475877299
16142,6829,onwatch,1475877800
16142,6829,start,1475877802
16142,6829,half,1475877807
16142,6829,endat70,1475878553
15305,6829,endat61,1475890943
16028,6829,onwatch,1475913237
16028,6829,start,1475913242
16028,6829,endat0,1475923889
16253,6829,onwatch,1475941221
16253,6829,start,1475941244
16253,6829,endat27,1475954907
16996,6829,onwatch,1476004521
16996,6829,start,1476004526
15508,6829,onwatch,1476068570
16941,6829,onwatch,1476080206
16941,6829,onwatch,1476080214
16941,6829,onwatch,1476080216
16941,6829,endat0,1476080226
16996,6829,endat30,1476090871
15508,6829,endat0,1476105144
16682,6829,onwatch,1476110041
16682,6829,onwatch,1476110045
16682,6829,onwatch,1476110052
16682,6829,onwatch,1476110066
16682,6829,onwatch,1476110076
16682,6829,onwatch,1476110090
16682,6829,onwatch,1476110217
16682,6829,start,1476110218
16682,6829,half,1476110630
16682,6829,endat54,1476125973
16028,6829,onwatch,1476131295
16028,6829,start,1476131302
16028,6829,half,1476133310
16028,6829,endat52,1476133387
16028,6829,endat0,1476133394
16584,6829,onwatch,1476134392
16584,6829,endat0,1476134397
16999,6829,onwatch,1476195052
16999,6829,start,1476195064
16979,6829,onwatch,1476211464
16979,6829,start,1476211480
16979,6829,half,1476213861
16979,6829,endat69,1476215192
17035,6829,onwatch,1476222036
17035,6829,endat0,1476222052
4021,6829,onwatch,1476267255
4021,6829,endat0,1476267267
15895,6829,onwatch,1476276922
10886,6829,onwatch,1476281889
10886,6829,endat0,1476281924
10886,6829,endat0,1476281942
15895,6829,endat0,1476297106
15895,6829,onwatch,1476297286
16998,6829,onwatch,1476333483
16998,6829,start,1476333491
16998,6829,half,1476335523
16998,6829,finished,1476337516
16968,6829,onwatch,1476360815
16968,6829,start,1476360819
16968,6829,half,1476363216
16968,6829,finished,1476365133
16997,6829,onwatch,1476365166
16968,6829,endat100,1476365224
16997,6829,endat0,1476365266
16979,6829,onwatch,1476376785
16979,6829,start,1476376788
16979,6829,half,1476376791
16979,6829,endat85,1476377852
16979,6829,onwatch,1476378041
16979,6829,start,1476378142
16979,6829,endat0,1476378143
11949,6829,onwatch,1476382023
11949,6829,start,1476382024
11949,6829,half,1476382969
11949,6829,endat99,1476386786
14925,6829,onwatch,1476390427
14925,6829,start,1476390430
14925,6829,half,1476395846
16800,6829,onwatch,1476442813
16800,6829,start,1476442817
17083,6829,onwatch,1476472256
17083,6829,endat0,1476472540
14925,6829,onwatch,1476474949
14925,6829,start,1476474951
14925,6829,endat43,1476475725
14925,6829,half,1476475725
14925,6829,onwatch,1476475725
14925,6829,start,1476475727
14925,6829,endat31,1476476314
14925,6829,half,1476477259
14796,6829,onwatch,1476502001
14796,6829,start,1476502010
14796,6829,half,1476504051
14796,6829,endat104,1476506216
16999,6829,endat29,1476535168
16999,6829,onwatch,1476535169
16999,6829,start,1476535173
16999,6829,half,1476536133
16999,6829,finished,1476539250
16999,6829,endat128,1476539442
17090,6829,onwatch,1476544112
17090,6829,start,1476544128
17090,6829,endat0,1476544159
17090,6829,onwatch,1476544164
17090,6829,start,1476544168
16321,6829,onwatch,1476617143
16321,6829,start,1476617161
16321,6829,half,1476618375
16321,6829,endat95,1476619401
15978,6829,onwatch,1476676405
15978,6829,start,1476676411
16800,6829,endat36,1476736959
9312,6829,onwatch,1476747608
9312,6829,start,1476747621
9312,6829,endat22,1476748530
13775,6829,onwatch,1476812568
13775,6829,start,1476812574
13775,6829,endat6,1476813939
16534,6829,onwatch,1476887691
16534,6829,start,1476887702
16534,6829,half,1476891937
16534,6829,endat96,1476893778
4,6829,onwatch,1476897068
4,6829,start,1476897069
4,6829,endat1,1476897086
17090,6829,onwatch,1477021484
17090,6829,start,1477021489
17090,6829,endat27,1477021871
17090,6829,onwatch,1477021909
17090,6829,start,1477021911
17090,6829,half,1477022878
17090,6829,endat56,1477023123
17098,6829,onwatch,1477238741
17098,6829,endat0,1477239072
17004,6829,onwatch,1477263307
17004,6829,start,1477263314
17004,6829,half,1477268226
17004,6829,endat51,1477268265
17114,6829,onwatch,1477286353
17114,6829,start,1477286451
17114,6829,half,1477290370
17114,6829,endat76,1477291416
5854,6829,onwatch,1477413807
5854,6829,start,1477413817
5854,6829,half,1477413866
5854,6829,finished,1477416496
17199,6829,onwatch,1477572491
17199,6829,start,1477574294
13426,6829,onwatch,1477944964
13426,6829,endat0,1477944967
10147,6829,onwatch,1478028947
10147,6829,start,1478028948
10147,6829,half,1478028950
10147,6829,endat117,1478035884
17071,6829,onwatch,1478100935
17071,6829,start,1478100941
17071,6829,endat14,1478105640
9729,6829,onwatch,1478170460
14510,6829,onwatch,1478190339
14510,6829,start,1478190363
14510,6829,half,1478193314
14510,6829,endat73,1478194244
17071,6829,onwatch,1478288175
17071,6829,start,1478292075
17071,6829,endat14,1478293075
17071,6829,onwatch,1478358064
17071,6829,start,1478358076
17193,6829,onwatch,1478392564
17193,6829,start,1478392570
17193,6829,half,1478394396
17193,6829,endat85,1478395185
17071,6829,onwatch,1478424053
17071,6829,start,1478424068
17071,6829,half,1478426054
17071,6829,endat85,1478427673
17206,6829,onwatch,1478472868
17206,6829,endat0,1478472927
14285,6829,onwatch,1478622566
14285,6829,endat0,1478622972
5833,6829,onwatch,1478719049
5833,6829,start,1478719058
5833,6829,half,1478721449
5833,6829,half,1478721461
5833,6829,endat95,1478723364
16026,6829,onwatch,1478857742
16026,6829,start,1478857751
16026,6829,endat3,1478860841
17319,6829,onwatch,1479312768
17319,6829,start,1479312777
17319,6829,half,1479315992
17319,6829,half,1479316004
17319,6829,endat65,1479316600
17319,6829,onwatch,1479325190
17319,6829,start,1479325192
17319,6829,half,1479325194
17319,6829,endat65,1479325557
10082,6829,onwatch,1479448433
10082,6829,start,1479448437
10082,6829,half,1479450442
17083,6829,onwatch,1479584423
17083,6829,start,1479584446
17083,6829,endat0,1479603573
17083,6829,onwatch,1479603574
17083,6829,start,1479603575
17083,6829,half,1479605592
17083,6829,finished,1479607588
17083,6829,endat100,1479607868
16465,6829,onwatch,1479685702
16465,6829,start,1479685720
16465,6829,endat0,1479685725
17348,6829,onwatch,1479688028
17348,6829,endat0,1479688519
10082,6829,endat55,1479706983
9764,6829,onwatch,1479938648
9764,6829,start,1479938652
9764,6829,endat21,1480366767
14956,6829,onwatch,1480500957
14716,6829,onwatch,1480602935
14716,6829,start,1480602942
14956,6829,endat0,1480603443
13581,6829,onwatch,1480604342
13581,6829,start,1480604384
14716,6829,half,1480604946
13581,6829,endat18,1480605343
14716,6829,endat97,1480606983
9764,6829,onwatch,1480710197
9764,6829,start,1480710201
9764,6829,half,1480711761
9764,6829,endat88,1480713993
17305,6829,onwatch,1480755419
17305,6829,start,1480755521
6848,6829,onwatch,1480892580
6848,6829,start,1480892582
6848,6829,endat5,1480908437
15165,6829,onwatch,1480948910
15165,6829,endat0,1480949030
16171,6829,onwatch,1481657178
16171,6829,start,1481657184
16171,6829,endat44,1481657254
16171,6829,onwatch,1481657255
16171,6829,start,1481657257
16171,6829,endat44,1481657261
16682,6829,onwatch,1481661747
16682,6829,start,1481661763
16682,6829,half,1481661764
9071,6829,onwatch,1481907909
9071,6829,endat0,1481907912
4919,6829,onwatch,1483035602
4919,6829,start,1483035620
4919,6829,endat9,1483035838
6154,6829,onwatch,1483300694
6154,6829,onwatch,1483300696
6154,6829,onwatch,1483300706
6154,6829,start,1483300745
6154,6829,onwatch,1483300746
6154,6829,onwatch,1483300747
6154,6829,onwatch,1483300749
6154,6829,onwatch,1483300751
6154,6829,onwatch,1483300752
6154,6829,onwatch,1483300755
17490,6829,onwatch,1483438232
17490,6829,start,1483438235
12974,6829,onwatch,1483719877
12974,6829,start,1483719883
12974,6829,endat17,1483741303
12974,6829,onwatch,1483995927
12974,6829,start,1483995929
12974,6829,endat30,1483997618
12974,6829,onwatch,1484061882
12974,6829,start,1484061883
12974,6829,half,1484073242
16258,6829,onwatch,1484565282
16258,6829,start,1484565289
16258,6829,half,1484569621
16258,6829,finished,1484574258
16258,6829,endat101,1484574388
16258,6829,endat0,1484574598
16258,6829,onwatch,1484590915
16258,6829,onwatch,1484590918
16258,6829,start,1484590919
16258,6829,half,1484590920
16258,6829,endat100,1484663013
16258,6829,onwatch,1484663014
16258,6829,start,1484663016
16258,6829,half,1484663016
16258,6829,onwatch,1484756704
16258,6829,start,1484756716
4479,6829,onwatch,1484759423
4479,6829,onwatch,1484759444
4479,6829,endat0,1484759498
16258,6829,endat12,1484782589
16258,6829,onwatch,1484782590
16258,6829,start,1484782592
16258,6829,half,1484784203
16258,6829,finished,1484786195
16258,6829,onwatch,1484837269
16258,6829,start,1484837272
16258,6829,half,1484837282
16258,6829,endat88,1484837414
16258,6829,endat100,1484845192
16258,6829,onwatch,1484934843
16258,6829,start,1484934872
16258,6829,half,1484938331
16258,6829,endat93,1484946527
15921,6829,onwatch,1485209357
15921,6829,start,1485209362
14502,6829,onwatch,1485293546
14502,6829,start,1485293710
16548,6829,onwatch,1485748231
16548,6829,start,1485748420
16548,6829,endat6,1485748693
17555,6829,onwatch,1485835667
17555,6829,start,1485835676
17555,6829,endat32,1485836989
17555,6829,half,1485836990
17315,6829,onwatch,1485877433
17315,6829,endat0,1485877493
16576,6829,onwatch,1486024642
16576,6829,start,1486024653
16576,6829,half,1486024657
17759,6829,onwatch,1486381144
17759,6829,endat0,1486382009
17759,6829,onwatch,1486395305
17759,6829,start,1486395317
17759,6829,endat4,1486395526
17759,6829,onwatch,1486395534
17759,6829,start,1486395541
17759,6829,endat22,1486396967
17759,6829,endat41,1486396974
17759,6829,onwatch,1486434134
17759,6829,start,1486434189
17759,6829,half,1486435456
17759,6829,endat51,1486435521
17759,6829,onwatch,1486465054
17759,6829,start,1486465057
17759,6829,half,1486465060
17759,6829,endat98,1486467425
7158,6829,onwatch,1486504717
7158,6829,start,1486504723
7158,6829,half,1486507154
7158,6829,endat67,1486507861
7158,6829,onwatch,1486577482
7158,6829,start,1486577484
7158,6829,half,1486577488
16551,6829,onwatch,1486583572
16551,6829,start,1486583912
7158,6829,endat122,1486584116
16551,6829,half,1486588212
16551,6829,endat100,1486590758
6931,6829,onwatch,1486669962
6931,6829,start,1486669975
6931,6829,endat28,1486745790
6931,6829,onwatch,1486745791
6931,6829,start,1486745798
6931,6829,half,1486746599
6931,6829,half,1486746605
6931,6829,endat82,1486747901
5329,6829,onwatch,1486990744
5329,6829,endat0,1486990874
13505,6829,onwatch,1487188048
17337,6829,onwatch,1488149444
17337,6829,start,1488149458
17337,6829,half,1488151757
17337,6829,endat71,1488152641
17956,6829,onwatch,1488223944
17956,6829,start,1488223949
17956,6829,half,1488226046
17956,6829,finished,1488228226
17956,6829,endat105,1488228228
17890,6829,onwatch,1488381468
17890,6829,start,1488381498
17890,6829,half,1488382578
17890,6829,endat72,1488383102
17890,6829,onwatch,1488383105
17890,6829,start,1488383112
17890,6829,half,1488383115
17890,6829,endat81,1488383377
17890,6829,onwatch,1488383379
17890,6829,start,1488383386
17890,6829,half,1488383388
17890,6829,endat100,1488384032
18007,6829,onwatch,1488802224
18007,6829,start,1488802258
18007,6829,endat0,1488802298
18007,6829,onwatch,1488802325
18007,6829,start,1488802328
18007,6829,half,1488802338
18007,6829,endat183,1488817497
16426,6829,onwatch,1488836178
16426,6829,start,1488836190
8331,6829,onwatch,1489083201
8331,6829,endat0,1489083445
8331,6829,onwatch,1489083942
8331,6829,endat0,1489083984
18003,6829,onwatch,1490323691
18003,6829,endat0,1490323909
18134,6829,onwatch,1490456361
18134,6829,start,1490461631
18134,6829,endat2,1490490662
18128,6829,onwatch,1490626298
18150,6829,onwatch,1490724698
18150,6829,start,1490724703
18150,6829,half,1490726701
18150,6829,endat74,1490727674
18080,6829,onwatch,1490805346
18080,6829,start,1490827837
18080,6829,endat0,1490827841
18080,6829,onwatch,1490827842
18080,6829,start,1490827847
18080,6829,half,1490830936
18080,6829,endat83,1490834438
16021,6829,onwatch,1490902893
16021,6829,start,1490902897
16021,6829,half,1490911405
16021,6829,endat53,1490915260
16021,6829,endat75,1490915260
18118,6829,onwatch,1490930351
18118,6829,start,1490930385
18118,6829,half,1490932386
18118,6829,endat70,1490933209
18187,6829,onwatch,1490966509
18187,6829,onwatch,1490966520
18187,6829,onwatch,1490966552
18128,6829,endat0,1490986142
17654,6829,onwatch,1490994803
17654,6829,onwatch,1490994924
17654,6829,start,1490994942
15199,6829,onwatch,1491116360
15199,6829,start,1491116374
18153,6829,onwatch,1491182484
18153,6829,start,1491182492
18153,6829,half,1491185544
18153,6829,endat62,1491228773
18153,6829,onwatch,1491228774
18153,6829,start,1491228777
18153,6829,half,1491228784
17654,6829,onwatch,1491234839
17654,6829,start,1491234841
17654,6829,half,1491235393
17654,6829,half,1491235410
17654,6829,finished,1491237394
17654,6829,endat36,1491245682
18153,6829,endat70,1491252219
18186,6829,onwatch,1491429692
18186,6829,start,1491429696
18128,6829,onwatch,1491429698
18128,6829,start,1491429715
15009,6829,onwatch,1491429920
15009,6829,start,1491429923
18186,6829,half,1491429972
18186,6829,endat97,1491430840
18128,6829,half,1491438263
18128,6829,endat0,1491449168
18128,6829,onwatch,1491449169
18128,6829,start,1491449171
18128,6829,half,1491449173
18128,6829,finished,1491450345
18128,6829,endat100,1491450361
15009,6829,endat40,1491453050
17638,6829,onwatch,1491511906
17638,6829,start,1491511916
17638,6829,half,1491511925
17638,6829,endat89,1491511947
15508,6829,onwatch,1492047201
15508,6829,start,1492047205
15508,6829,endat16,1492048563
18172,6829,onwatch,1492439570
18012,6829,onwatch,1492458333
18012,6829,start,1492458395
18012,6829,half,1492461172
18012,6829,finished,1492463330
18172,6829,endat0,1492467409
18172,6829,start,1492529090
18172,6829,endat0,1492539793
18172,6829,onwatch,1492539794
18172,6829,start,1492539796
18172,6829,half,1492540136
18172,6829,endat103,1492557466
18172,6829,start,1492608630
18172,6829,endat41,1492608637
13535,6829,onwatch,1493307637
13535,6829,start,1493307687
13535,6829,half,1493310421
13535,6829,endat95,1493312218
18332,6829,onwatch,1493373235
18332,6829,onwatch,1493376939
18172,6829,onwatch,1493733114
18172,6829,start,1493733116
18172,6829,onwatch,1493733142
18172,6829,endat41,1493733144
18172,6829,start,1493733145
5746,6829,onwatch,1493849968
5746,6829,start,1493849979
5746,6829,endat32,1493853206
18351,6829,onwatch,1493877153
18351,6829,endat0,1493967427
18397,6829,onwatch,1494006570
18397,6829,start,1494006575
18397,6829,half,1494006901
18397,6829,endat82,1494008304
18397,6829,onwatch,1494008305
18397,6829,start,1494008311
18397,6829,half,1494008640
18397,6829,finished,1494010632
18397,6829,endat100,1494010643
18351,6829,onwatch,1494046429
18351,6829,start,1494046438
18351,6829,endat4,1494046634
17716,6829,onwatch,1494267100
17716,6829,start,1494267106
17716,6829,half,1494269104
16369,6829,onwatch,1494453586
16369,6829,start,1494453589
16369,6829,half,1494453594
16369,6829,endat88,1494453596
16929,6829,onwatch,1494907959
16929,6829,start,1494908034
18412,6829,onwatch,1494939032
18412,6829,endat0,1494939140
16929,6829,endat0,1494949705
16929,6829,endat0,1494949716
16929,6829,onwatch,1494949780
16929,6829,start,1494949781
18332,6829,onwatch,1494970966
18332,6829,onwatch,1494972808
18332,6829,onwatch,1494976530
18332,6829,onwatch,1494976698
18332,6829,onwatch,1494977138
18332,6829,onwatch,1494977221
18332,6829,onwatch,1494977397
18332,6829,onwatch,1494977514
18332,6829,onwatch,1494977706
18332,6829,onwatch,1494977783
18332,6829,onwatch,1494979585
18332,6829,onwatch,1494979800
18332,6829,onwatch,1494980086
18332,6829,onwatch,1494980293
18332,6829,onwatch,1494980835
18332,6829,onwatch,1494981041
18332,6829,onwatch,1494981325
18332,6829,onwatch,1494981678
18332,6829,onwatch,1494982205
18332,6829,onwatch,1494982387
18332,6829,onwatch,1494982918
18332,6829,onwatch,1494983132
16929,6829,onwatch,1495145235
16929,6829,start,1495145237
16929,6829,onwatch,1495818043
16929,6829,start,1495818045
16929,6829,endat0,1495818092
18337,6829,onwatch,1496124747
18478,6829,onwatch,1496130830
18478,6829,start,1496130838
18478,6829,endat0,1496130848
14889,6829,onwatch,1497281482
14889,6829,onwatch,1497281489
14889,6829,start,1497281491
14889,6829,endat0,1497281515
14889,6829,onwatch,1497281520
14889,6829,start,1497281522
14889,6829,half,1497281525
14884,6829,onwatch,1497450617
14884,6829,start,1497450623
14884,6829,half,1497451377
14884,6829,endat70,1497554238
14971,6829,onwatch,1497707189
14971,6829,start,1497707197
18716,6829,onwatch,1497714013
18716,6829,start,1497714019
18716,6829,endat6,1497719619
14899,6829,onwatch,1497744064
14899,6829,start,1497744074
14899,6829,half,1497746071
14899,6829,finished,1497748071
14899,6829,endat100,1497748081
14899,6829,onwatch,1497813776
14899,6829,start,1497813778
14899,6829,half,1497813782
14899,6829,finished,1497813804
14899,6829,endat192,1497880422
18645,6829,onwatch,1497901642
18645,6829,start,1497901646
18716,6829,onwatch,1498236492
18716,6829,start,1498236494
18716,6829,endat41,1498239705
16551,6829,onwatch,1498244312
16551,6829,start,1498244313
16551,6829,half,1498244316
16551,6829,endat96,1498244318
4,6829,onwatch,1498244779
4,6829,start,1498244782
4,6829,endat1,1498244786
16551,6829,start,1498244846
16551,6829,half,1498244846
16551,6829,endat96,1498244849
10249,6829,endat94,1498446755
10249,6829,endat0,1498446761
18764,6829,start,1498782163
18764,6829,endat0,1498782172
18633,6829,endat0,1499365801
18633,6829,endat0,1499367114
8,6829,endat0,1499374318
8,6829,endat0,1499374439
14490,6829,onwatch,1499692917
14490,6829,start,1499692926
16021,6829,onwatch,1499714888
16021,6829,start,1499714890
16021,6829,half,1499714892
16021,6829,endat52,1499714930
18443,6829,onwatch,1499716232
14490,6829,onwatch,1499773257
14490,6829,start,1499773265
14490,6829,half,1499773710
18443,6829,endat0,1499781573
18443,6829,onwatch,1499800294
9481,6829,onwatch,1500990535
9481,6829,start,1500990599
9481,6829,half,1500992156
9481,6829,endat63,1501011142
18938,6829,onwatch,1501747656
18938,6829,start,1501747663
18938,6829,endat4,1501797637
4958,6829,onwatch,1502820472
4958,6829,start,1502820478
4958,6829,half,1502827743
4958,6829,endat103,1502829419
4150,6829,onwatch,1503944859
4150,6829,start,1503944866
4150,6829,half,1503951183
5746,6829,onwatch,1503972664
5746,6829,start,1503972673
17966,6829,onwatch,1504106206
17966,6829,start,1504106210
17966,6829,endat28,1504110580
17966,6829,onwatch,1504119145
17966,6829,start,1504119147
17966,6829,endat28,1504119152
17741,6829,onwatch,1504197095
17741,6829,onwatch,1504197096
17741,6829,start,1504197214
17741,6829,half,1504204404
17741,6829,endat69,1504205168
18633,6829,onwatch,1505158268
18633,6829,start,1505158298
18633,6829,endat0,1505158302
19090,6829,onwatch,1505159947
19090,6829,start,1505160576
19090,6829,start,1505160587
19072,6829,onwatch,1505855685
19072,6829,onwatch,1505856030
19072,6829,start,1505856041
19072,6829,endat1,1505856316
19072,6829,onwatch,1505856316
19072,6829,start,1505856319
19072,6829,endat0,1505856359
19072,6829,endat0,1505856441
19072,6829,onwatch,1505856442
19072,6829,start,1505856444
19072,6829,endat1,1505857169
19072,6829,onwatch,1505906650
19072,6829,start,1505906652
19072,6829,onwatch,1505906695
19072,6829,half,1505908670
19072,6829,endat79,1505909872
19072,6829,onwatch,1505978914
19072,6829,start,1505978917
19072,6829,half,1505978921
19072,6829,endat78,1505978924
19132,6829,onwatch,1506363596
19132,6829,start,1506363603
19132,6829,endat21,1506363997
19132,6829,endat21,1506364003
17755,6829,onwatch,1506695990
17755,6829,endat0,1506695994
17755,6829,onwatch,1506695994
17755,6829,endat0,1506696066
17755,6829,onwatch,1506696067
17755,6829,endat0,1506697691
14518,6829,onwatch,1507746039
14518,6829,start,1507746088
17977,6829,onwatch,1508251375
17977,6829,start,1508251379
17977,6829,half,1508251803
17977,6829,endat91,1508252659
19277,6829,onwatch,1508254252
19277,6829,start,1508254263
19277,6829,onwatch,1508275152
19277,6829,start,1508275153
19277,6829,half,1508278656
19277,6829,endat94,1508280432
14518,6829,onwatch,1508360844
14518,6829,start,1508360846
8507,6829,onwatch,1508537098
8507,6829,start,1508537103
16232,6829,onwatch,1508881304
16232,6829,start,1508881382
16232,6829,half,1508881612
16232,6829,endat58,1508881666
12716,6829,onwatch,1509042744
12716,6829,start,1509042750
14518,6829,onwatch,1509372277
14518,6829,start,1509372279
7765,6829,onwatch,1510649999
7765,6829,endat0,1510650032
14673,6829,onwatch,1510749753
14673,6829,start,1510749818
14673,6829,endat49,1510754243
14673,6829,endat0,1510798011
13368,6829,onwatch,1512323388
13368,6829,start,1512323396
13368,6829,half,1512336630
17793,6829,onwatch,1514135832
17793,6829,endat0,1514135864
19004,6829,onwatch,1514931323
19004,6829,start,1514931491
19004,6829,endat37,1514999920
19004,6829,onwatch,1515093881
19004,6829,start,1515093890
19004,6829,endat26,1515095314
19004,6829,onwatch,1515105795
19004,6829,start,1515105797
19004,6829,half,1515106750
17755,6829,onwatch,1515169086
17755,6829,start,1515169090
17755,6829,endat34,1515169109
19004,6829,endat57,1515537778
19004,6829,endat88,1515537779
19062,6829,onwatch,1515619972
19062,6829,start,1515619978
19062,6829,half,1515623060
19062,6829,finished,1515627130
19062,6829,endat100,1515629679
15082,6829,onwatch,1516208301
15082,6829,start,1516208314
15082,6829,start,1516208319
15082,6829,endat8,1516231738
19522,6829,onwatch,1516821547
19522,6829,start,1516821557
19522,6829,half,1516829764
19522,6829,endat94,1516831559
19667,6829,onwatch,1517628475
19667,6829,onwatch,1517651687
16232,6829,onwatch,1518484805
16232,6829,start,1518484807
16232,6829,half,1518484811
16232,6829,endat83,1518484942
19484,6829,onwatch,1518595258
19484,6829,start,1518595263
5756,6829,onwatch,1518721932
5756,6829,start,1518722327
19727,6829,onwatch,1519609603
19727,6829,endat0,1519609813
17118,6829,onwatch,1520892195
17118,6829,start,1520892393
19787,6829,onwatch,1520913609
19787,6829,onwatch,1520913749
19787,6829,endat0,1520913910
17118,6829,onwatch,1520972401
17118,6829,start,1520972403
17118,6829,endat14,1520974380
19494,6829,onwatch,1521226743
19494,6829,endat0,1521226760
19494,6829,onwatch,1521226761
19494,6829,start,1521226767
19494,6829,endat46,1521228282
19787,6829,onwatch,1521259600
19787,6829,onwatch,1521260169
19727,6829,onwatch,1521377158
19787,6829,onwatch,1521427369
19787,6829,endat0,1521427375
16127,6829,onwatch,1521466591
16127,6829,start,1521466607
16127,6829,endat19,1521478822
16127,6829,onwatch,1521552991
16127,6829,start,1521552999
16127,6829,half,1521554560
16127,6829,endat55,1521554785
17118,6829,onwatch,1521650367
17118,6829,start,1521650369
17118,6829,half,1521652715
17118,6829,endat71,1521652746
19152,6829,start,1521659286
19152,6829,half,1521661285
19152,6829,endat52,1521665412
19828,6829,onwatch,1522174086
19828,6829,endat0,1522174331
19845,6829,onwatch,1522344981
19845,6829,start,1522357345
19845,6829,half,1522358815
19845,6829,finished,1522360185
19845,6829,endat100,1522360281
19883,6829,onwatch,1522362003
19883,6829,start,1522362012
19883,6829,endat47,1522364355
19759,6829,onwatch,1522418409
19759,6829,start,1522418509
19841,6829,onwatch,1522418948
19759,6829,half,1522420507
19833,6829,onwatch,1522420722
19833,6829,start,1522420727
19759,6829,endat88,1522422046
19833,6829,onwatch,1522425431
19833,6829,start,1522425436
19833,6829,half,1522425679
19833,6829,endat73,1522427878
19850,6829,onwatch,1522427894
19850,6829,start,1522427910
19828,6829,onwatch,1522432237
19828,6829,start,1522432259
19828,6829,half,1522433435
19850,6829,endat0,1522606870
19828,6829,onwatch,1523291404
19828,6829,start,1523291409
19828,6829,half,1523291411
19828,6829,endat81,1523291784
19828,6829,onwatch,1523379920
19828,6829,start,1523379923
19828,6829,half,1523379925
19828,6829,endat81,1523379935
19828,6829,onwatch,1523383647
19828,6829,start,1523383649
19828,6829,half,1523383649
19828,6829,endat81,1523383653
19828,6829,onwatch,1523464964
19828,6829,start,1523464966
19828,6829,half,1523464966
19828,6829,endat82,1523465006
18859,6829,onwatch,1523549183
18859,6829,start,1523549188
18859,6829,endat21,1523549285
19627,6829,onwatch,1523914626
19627,6829,start,1523914633
19627,6829,half,1523917278
19627,6829,endat51,1523980956
19627,6829,start,1523982681
19627,6829,endat0,1524072106
19830,6829,onwatch,1524170850
19830,6829,start,1524170853
19830,6829,endat31,1524174623
19937,6829,onwatch,1524753321
19937,6829,start,1524753351
19937,6829,half,1524757674
19937,6829,endat71,1524758350
9784,6829,onwatch,1524810415
9784,6829,start,1524810424
9784,6829,endat0,1524851174
19924,6829,onwatch,1524988236
19924,6829,endat0,1524988258
19924,6829,onwatch,1524988277
19924,6829,start,1524988287
19924,6829,endat25,1524994173
14510,6829,onwatch,1525287830
14510,6829,start,1525287833
14510,6829,half,1525287837
4516,6829,onwatch,1525793472
4516,6829,start,1525793476
4516,6829,half,1525798679
4516,6829,endat74,1525808321
19830,6829,onwatch,1525902840
19830,6829,start,1525902842
19830,6829,half,1525904029
16021,6829,onwatch,1525926826
16021,6829,start,1525926828
16021,6829,onwatch,1525969914
16021,6829,start,1525969915
16021,6829,endat35,1525969925
16021,6829,onwatch,1525970191
16021,6829,start,1525970193
16021,6829,half,1525977748
16021,6829,endat95,1525979796
19830,6829,onwatch,1525980637
19830,6829,start,1525980638
19830,6829,half,1525980640
19830,6829,endat72,1525980719
19830,6829,endat72,1525980725
16021,6829,onwatch,1526179198
16021,6829,start,1526179199
16021,6829,half,1526179203
16021,6829,endat99,1526179235
12473,6829,onwatch,1527095197
12473,6829,start,1527095204
12473,6829,half,1527095212
12473,6829,endat70,1527095217
4516,6829,onwatch,1527175746
4516,6829,onwatch,1527175748
4516,6829,start,1527175750
15663,6829,onwatch,1528473780
15663,6829,start,1528474534
15663,6829,half,1528476532
15544,6829,onwatch,1529682189
15544,6829,onwatch,1529682189
15544,6829,start,1529682201
15544,6829,endat0,1529685201
4449,6829,onwatch,1530142460
4449,6829,endat0,1530143075
14518,6829,onwatch,1530209244
14518,6829,start,1530209252
14518,6829,half,1530215318
14518,6829,finished,1530217819
14518,6829,endat105,1530217825
19644,6829,onwatch,1530836151
19644,6829,endat0,1530836170
4522,6829,onwatch,1531177602
4522,6829,start,1531177615
4522,6829,half,1531183118
4522,6829,endat95,1531189106
15663,6829,onwatch,1531329453
15663,6829,start,1531329455
15663,6829,half,1531331948
18790,6829,onwatch,1531341208
9785,6829,onwatch,1531348833
9785,6829,start,1531348837
9785,6829,onwatch,1531348996
9785,6829,start,1531349000
15663,6829,endat69,1531397787
18790,6829,endat0,1531430378
19644,6829,onwatch,1531637073
19644,6829,start,1531637078
20083,6829,onwatch,1531722444
20083,6829,start,1531722548
14634,6829,onwatch,1531770618
14634,6829,start,1531770621
14634,6829,half,1531771415
9581,6829,onwatch,1531844410
9581,6829,start,1531844416
9581,6829,half,1531846672
9581,6829,finished,1531849028
9581,6829,endat100,1531850231
20083,6829,onwatch,1532479677
20083,6829,start,1532479681
17570,6829,onwatch,1532867028
17570,6829,start,1532867222
17570,6829,onwatch,1532867674
17570,6829,start,1532867675
17570,6829,half,1532871488
17570,6829,start,1532981991
18231,6829,onwatch,1533742008
18231,6829,endat0,1533760209
14815,6829,onwatch,1534193281
14815,6829,start,1534193285
20212,6829,onwatch,1534689283
20212,6829,start,1534689294
20212,6829,half,1534692483
9513,6829,onwatch,1534973852
9513,6829,start,1534973865
9513,6829,half,1534976448
9513,6829,finished,1534978456
9513,6829,endat100,1535061169
19284,6829,onwatch,1535398942
9785,6829,onwatch,1535409396
9785,6829,start,1535409404
9785,6829,half,1535411028
9785,6829,endat73,1535415258
9785,6829,onwatch,1535415259
9785,6829,start,1535415264
9785,6829,half,1535415979
9785,6829,endat98,1535419180
4150,6829,onwatch,1535468455
4150,6829,start,1535468459
4150,6829,half,1535468459
18540,6829,onwatch,1536156686
18540,6829,start,1536156896
18540,6829,endat0,1536157028
8214,6829,onwatch,1536159876
8214,6829,start,1536159899
8214,6829,half,1536160921
8214,6829,endat70,1536161015
20104,6829,onwatch,1536293701
20104,6829,endat0,1536293908
4554,6829,onwatch,1536534807
4554,6829,start,1536534813
4554,6829,endat0,1536534818
17243,6829,onwatch,1536723959
17243,6829,start,1536723964
17243,6829,half,1536726066
9513,6829,onwatch,1536791556
9513,6829,start,1536791567
9513,6829,half,1536791567
9513,6829,finished,1536791568
4554,6829,onwatch,1536846763
4554,6829,start,1536846767
4554,6829,endat0,1536846772
15489,6829,onwatch,1536868812
15489,6829,start,1536868821
15489,6829,half,1536871163
15489,6829,endat71,1536872008
