14953,4812,onwatch,1452544981
14953,4812,endat0,1452544990
14884,4812,onwatch,1452549036
14884,4812,start,1452549060
14971,4812,onwatch,1452550162
14971,4812,start,1452550176
5552,4812,start,1452550728
14953,4812,onwatch,1452551044
14953,4812,start,1452551059
14953,4812,endat0,1452551067
14968,4812,start,1452552989
5552,4812,half,1452553332
14971,4812,half,1452553764
14776,4812,onwatch,1452553822
14776,4812,start,1452553827
5552,4812,finished,1452555930
14776,4812,endat45,1452556239
5552,4812,endat100,1452556523
14968,4812,endat47,1452558432
14968,4812,start,1452558446
14968,4812,endat40,1452558454
14968,4812,half,1452558455
14968,4812,start,1452558506
14968,4812,endat40,1452558555
14968,4812,start,1452558631
14968,4812,endat40,1452558655
14968,4812,start,1452561671
14968,4812,half,1452561769
14968,4812,endat96,1452561881
10249,4812,onwatch,1452575723
10249,4812,start,1452575734
10249,4812,half,1452576765
8667,4812,onwatch,1452580990
8667,4812,start,1452580998
14884,4812,onwatch,1452603072
14884,4812,start,1452603605
14884,4812,half,1452603613
14884,4812,start,1452603623
14884,4812,half,1452603625
14884,4812,endat97,1452605622
14421,4812,onwatch,1452624929
14421,4812,start,1452624941
11298,4812,onwatch,1452628219
11298,4812,start,1452628230
14421,4812,half,1452628370
6183,4812,onwatch,1452633404
6183,4812,start,1452633412
14421,4812,onwatch,1452634897
6183,4812,half,1452636182
14953,4812,onwatch,1452639367
14953,4812,start,1452639374
14953,4812,half,1452641985
14953,4812,endat121,1452644590
14926,4812,onwatch,1452666814
14926,4812,start,1452666819
14926,4812,endat0,1452666833
14926,4812,onwatch,1452666850
14926,4812,endat0,1452666915
14926,4812,onwatch,1452666916
14926,4812,endat0,1452666941
14926,4812,onwatch,1452666942
14926,4812,endat0,1452666951
14926,4812,onwatch,1452666956
14926,4812,endat0,1452666965
14926,4812,onwatch,1452667155
14926,4812,start,1452667191
14926,4812,half,1452669173
14926,4812,finished,1452672662
14926,4812,endat115,1452672796
14980,4812,start,1452706361
6183,4812,onwatch,1452719963
6183,4812,start,1452719966
6183,4812,half,1452719966
6183,4812,endat110,1452720992
13826,4812,onwatch,1452735092
13826,4812,start,1452735108
14982,4812,onwatch,1452736448
14982,4812,start,1452736463
14890,4812,onwatch,1452739616
14890,4812,start,1452739626
13826,4812,onwatch,1452743783
13826,4812,start,1452744784
14926,4812,onwatch,1452765337
14926,4812,endat0,1452765350
14890,4812,endat8,1452766010
14872,4812,onwatch,1452788103
14872,4812,start,1452788109
14872,4812,half,1452791011
14654,4812,onwatch,1452792093
14872,4812,endat52,1452792441
6183,4812,onwatch,1452806231
6183,4812,start,1452806243
14784,4812,onwatch,1452808236
14784,4812,start,1452808242
6183,4812,endat19,1452808456
6183,4812,onwatch,1452808596
6183,4812,start,1452808674
6183,4812,endat0,1452810510
14971,4812,endat82,1452830149
14624,4812,onwatch,1452845156
14624,4812,start,1452845171
14624,4812,endat7,1452845775
14647,4812,onwatch,1452872666
14647,4812,start,1452872677
14647,4812,half,1452876922
14784,4812,onwatch,1452877566
14784,4812,start,1452877886
14784,4812,endat40,1452879044
14015,4812,onwatch,1452879697
14015,4812,start,1452879708
14015,4812,half,1452879712
14015,4812,endat99,1452879743
14647,4812,endat92,1452879834
9605,4812,onwatch,1452882158
9605,4812,endat0,1452882165
9605,4812,onwatch,1452882374
9605,4812,endat0,1452882389
3806,4812,onwatch,1452883643
3806,4812,start,1452883652
12951,4812,onwatch,1452883666
3806,4812,endat3,1452883671
12951,4812,start,1452883678
14994,4812,start,1452889286
14994,4812,endat10,1452890124
14994,4812,start,1452890141
14994,4812,endat33,1452891760
14994,4812,start,1452891780
14994,4812,endat34,1452892005
14994,4812,start,1452892162
14996,4812,onwatch,1452892852
14996,4812,start,1452892858
14994,4812,half,1452892983
14996,4812,half,1452893375
14996,4812,endat55,1452893677
14994,4812,finished,1452895581
6057,4812,onwatch,1452956466
6057,4812,start,1452956530
6057,4812,half,1452959134
14994,4812,endat100,1452963140
13297,4812,onwatch,1452969360
13297,4812,start,1452969367
13297,4812,endat11,1452970585
13297,4812,endat11,1452970585
11197,4812,onwatch,1452980140
11197,4812,start,1452980155
14209,4812,onwatch,1452980796
14209,4812,start,1452980802
11197,4812,onwatch,1452981172
11197,4812,start,1452981185
14209,4812,endat24,1452982355
11197,4812,half,1452983705
14980,4812,endat3,1453008987
14436,4812,onwatch,1453044496
14436,4812,start,1453044518
15005,4812,start,1453046240
14436,4812,half,1453047686
15005,4812,half,1453049239
14436,4812,endat103,1453050515
15005,4812,finished,1453052175
13297,4812,onwatch,1453055334
13297,4812,start,1453055342
13349,4812,onwatch,1453060973
13349,4812,start,1453060983
13297,4812,endat15,1453061753
13297,4812,onwatch,1453067030
13297,4812,start,1453067037
13297,4812,endat19,1453067237
14910,4812,onwatch,1453068253
14910,4812,start,1453069211
10249,4812,onwatch,1453076644
10249,4812,start,1453076667
14994,4812,endat0,1453093052
10249,4812,onwatch,1453094584
10249,4812,start,1453094596
10249,4812,half,1453094596
10249,4812,endat81,1453095139
10249,4812,endat0,1453095149
4191,4812,onwatch,1453126426
4191,4812,start,1453126431
14597,4812,onwatch,1453130722
14597,4812,start,1453130734
14981,4812,onwatch,1453130753
14981,4812,start,1453130760
14597,4812,half,1453133616
12974,4812,onwatch,1453136324
12974,4812,start,1453136329
14808,4812,onwatch,1453137187
14808,4812,endat0,1453137435
14808,4812,onwatch,1453137435
14808,4812,endat0,1453138921
14808,4812,onwatch,1453138921
12974,4812,onwatch,1453143574
12974,4812,start,1453143578
12974,4812,half,1453144839
14808,4812,endat0,1453149797
14808,4812,onwatch,1453149975
14808,4812,start,1453149978
14702,4812,onwatch,1453167195
14702,4812,start,1453167234
14217,4812,onwatch,1453192790
14217,4812,start,1453192798
5785,4812,onwatch,1453194091
5785,4812,start,1453194095
5785,4812,endat6,1453194256
5785,4812,endat7,1453194258
14634,4812,onwatch,1453206294
14634,4812,start,1453206300
14634,4812,half,1453209389
14286,4812,onwatch,1453211740
14286,4812,start,1453211754
14286,4812,half,1453214718
14286,4812,endat98,1453218180
7725,4812,onwatch,1453219343
7725,4812,start,1453219348
7725,4812,endat24,1453220633
7725,4812,onwatch,1453220641
7725,4812,start,1453220647
7373,4812,onwatch,1453226259
7373,4812,start,1453226264
7373,4812,half,1453226904
9220,4812,onwatch,1453238390
9220,4812,start,1453238395
9220,4812,endat33,1453242251
15005,4812,endat100,1453250274
15028,4812,onwatch,1453252732
14634,4812,onwatch,1453300910
14634,4812,start,1453301043
14634,4812,half,1453301045
7725,4812,onwatch,1453303421
7725,4812,start,1453303542
11607,4812,onwatch,1453304525
11607,4812,start,1453304543
11607,4812,endat0,1453304570
7725,4812,half,1453307474
15031,4812,onwatch,1453308915
15031,4812,start,1453309248
15031,4812,half,1453313358
15031,4812,endat133,1453316426
15034,4812,onwatch,1453316528
12632,4812,onwatch,1453317475
12632,4812,start,1453317479
9081,4812,onwatch,1453320515
9081,4812,start,1453320526
9081,4812,endat17,1453320656
15034,4812,endat0,1453320688
9081,4812,onwatch,1453320699
9081,4812,start,1453320710
9081,4812,endat0,1453320735
14627,4812,onwatch,1453320899
14627,4812,start,1453320910
9081,4812,onwatch,1453320956
9081,4812,start,1453320968
14627,4812,half,1453324531
14383,4812,onwatch,1453325340
14383,4812,start,1453325350
14627,4812,finished,1453329630
14627,4812,endat152,1453329644
14808,4812,endat12,1453390154
14808,4812,endat25,1453390155
15035,4812,onwatch,1453394030
15035,4812,start,1453395316
15045,4812,onwatch,1453395350
15045,4812,start,1453395361
14654,4812,endat0,1453425986
15045,4812,endat12,1453434264
15028,4812,endat0,1453489092
14971,4812,onwatch,1453490294
14971,4812,start,1453490300
14971,4812,half,1453493795
14784,4812,onwatch,1453559396
14784,4812,start,1453559401
14784,4812,half,1453560079
14810,4812,onwatch,1453578896
14810,4812,start,1453578981
14810,4812,half,1453582533
14810,4812,endat109,1453585163
4760,4812,onwatch,1453592831
4760,4812,start,1453592840
4760,4812,endat0,1453592870
4760,4812,onwatch,1453592872
4760,4812,endat1,1453592911
4760,4812,onwatch,1453592911
4760,4812,endat0,1453592957
4760,4812,onwatch,1453592958
4760,4812,endat0,1453592996
4760,4812,onwatch,1453593012
4760,4812,endat0,1453593181
4760,4812,onwatch,1453593184
4760,4812,endat0,1453593186
4760,4812,onwatch,1453593188
4760,4812,onwatch,1453593298
4760,4812,endat0,1453593899
4760,4812,onwatch,1453593900
4760,4812,endat0,1453594489
4760,4812,onwatch,1453594753
4760,4812,endat0,1453594936
4760,4812,onwatch,1453594964
4760,4812,endat0,1453595812
15061,4812,start,1453659001
15061,4812,half,1453661481
15061,4812,endat102,1453664654
14601,4812,onwatch,1453680052
14601,4812,start,1453680064
14601,4812,half,1453683487
10217,4812,onwatch,1453695985
10217,4812,start,1453695991
14217,4812,onwatch,1453741583
14217,4812,start,1453741597
14217,4812,half,1453744361
14217,4812,endat56,1453744722
14217,4812,onwatch,1453744723
14217,4812,start,1453747060
14217,4812,finished,1453747060
14217,4812,endat0,1453748552
15054,4812,onwatch,1453754924
15054,4812,start,1453754932
3756,4812,onwatch,1453757350
3756,4812,endat0,1453757353
15054,4812,endat7,1453760151
14784,4812,onwatch,1453760924
14784,4812,start,1453760930
14784,4812,half,1453760934
15054,4812,onwatch,1453766533
15054,4812,start,1453766848
15054,4812,endat23,1453767799
15076,4812,onwatch,1453783867
15076,4812,endat0,1453783913
14910,4812,endat0,1453793186
14910,4812,endat0,1453793555
14910,4812,onwatch,1453793603
14910,4812,start,1453793613
15066,4812,onwatch,1453803124
15066,4812,endat0,1453803186
15082,4812,onwatch,1453823818
15082,4812,start,1453823827
14634,4812,onwatch,1453824006
14634,4812,start,1453824011
14634,4812,endat0,1453824053
15082,4812,half,1453827114
14832,4812,onwatch,1453829324
14832,4812,start,1453829330
14832,4812,onwatch,1453829336
14832,4812,endat0,1453829368
14832,4812,endat0,1453829372
14832,4812,onwatch,1453829375
14832,4812,onwatch,1453829382
14832,4812,start,1453829396
14832,4812,start,1453829416
14832,4812,endat1,1453829438
15082,4812,finished,1453830504
15082,4812,endat100,1453830508
12632,4812,onwatch,1453848935
12632,4812,start,1453848941
12632,4812,endat10,1453849703
14345,4812,onwatch,1453876640
14345,4812,start,1453876674
9157,4812,onwatch,1453911507
9157,4812,start,1453911520
9157,4812,endat0,1453911550
15054,4812,onwatch,1453914372
15054,4812,start,1453914378
15054,4812,half,1453915799
8667,4812,onwatch,1453949240
8667,4812,start,1453950031
8667,4812,half,1453950358
8667,4812,endat81,1453952584
8667,4812,start,1453953440
14910,4812,endat0,1453992245
14910,4812,onwatch,1453992883
14910,4812,start,1453992903
3756,4812,onwatch,1453998227
3756,4812,endat0,1453999816
14984,4812,onwatch,1454010795
14984,4812,start,1454010824
14984,4812,half,1454012908
14984,4812,endat99,1454014627
8812,4812,onwatch,1454079950
8812,4812,start,1454079986
4857,4812,onwatch,1454082277
4857,4812,start,1454084891
4857,4812,endat19,1454089297
14631,4812,onwatch,1454097831
14631,4812,start,1454097839
10134,4812,onwatch,1454099804
10134,4812,start,1454099810
10134,4812,endat26,1454105199
14099,4812,onwatch,1454177273
14099,4812,endat0,1454177282
14099,4812,onwatch,1454177305
14099,4812,start,1454177394
14099,4812,half,1454179998
7962,4812,onwatch,1454181321
7962,4812,start,1454182064
14099,4812,finished,1454182597
14099,4812,endat100,1454187149
4760,4812,onwatch,1454192076
4760,4812,endat0,1454192385
4760,4812,onwatch,1454192776
4760,4812,endat0,1454193517
15028,4812,onwatch,1454200676
15028,4812,start,1454200681
15028,4812,endat23,1454203562
15028,4812,onwatch,1454203563
15028,4812,start,1454203727
14953,4812,onwatch,1454252671
14953,4812,start,1454252708
14953,4812,half,1454253888
14953,4812,endat57,1454254000
14953,4812,onwatch,1454254001
14953,4812,start,1454254036
14953,4812,half,1454254037
14953,4812,endat75,1454258127
11607,4812,onwatch,1454258905
11607,4812,endat0,1454259151
11607,4812,onwatch,1454259151
11607,4812,endat0,1454259456
11607,4812,onwatch,1454259462
11607,4812,start,1454259504
15124,4812,start,1454268037
11607,4812,endat43,1454268779
15124,4812,half,1454270940
9229,4812,onwatch,1454277667
9229,4812,endat0,1454277672
15128,4812,onwatch,1454335584
15128,4812,start,1454335598
4361,4812,onwatch,1454339964
4361,4812,start,1454339990
15035,4812,endat12,1454342745
15128,4812,endat25,1454347226
7952,4812,onwatch,1454352374
7952,4812,start,1454352380
7952,4812,onwatch,1454352658
7952,4812,start,1454352667
7952,4812,onwatch,1454352719
7952,4812,start,1454352726
7952,4812,onwatch,1454352871
7952,4812,start,1454352880
7952,4812,onwatch,1454353009
7952,4812,start,1454353063
15123,4812,onwatch,1454353967
4361,4812,onwatch,1454358425
4361,4812,start,1454358630
4361,4812,half,1454359788
12775,4812,onwatch,1454360886
12775,4812,start,1454360899
15123,4812,endat0,1454377062
15124,4812,endat112,1454408317
14926,4812,onwatch,1454415430
14926,4812,endat0,1454415444
15123,4812,onwatch,1454418893
13788,4812,onwatch,1454421191
13788,4812,start,1454421197
13788,4812,endat0,1454422265
13788,4812,onwatch,1454424458
13788,4812,start,1454424533
13788,4812,endat7,1454424914
13788,4812,onwatch,1454424914
13788,4812,start,1454425177
13788,4812,half,1454426710
14808,4812,onwatch,1454429736
14808,4812,endat0,1454430092
14808,4812,onwatch,1454430093
14808,4812,start,1454430098
15123,4812,endat0,1454430635
13788,4812,endat100,1454431448
14910,4812,onwatch,1454433001
14910,4812,start,1454433047
14702,4812,onwatch,1454434726
14702,4812,start,1454434730
14702,4812,endat14,1454435392
14702,4812,onwatch,1454435393
14702,4812,start,1454435564
12632,4812,onwatch,1454438204
12632,4812,start,1454438229
12632,4812,endat0,1454438237
14702,4812,half,1454445308
14702,4812,finished,1454449117
13971,4812,onwatch,1454464083
13971,4812,start,1454464101
13971,4812,half,1454464107
13971,4812,endat81,1454464228
14910,4812,endat46,1454465742
13819,4812,onwatch,1454502180
13819,4812,start,1454502187
13819,4812,start,1454503291
13819,4812,start,1454503534
14870,4812,onwatch,1454507188
14870,4812,start,1454507199
12775,4812,half,1454515696
6069,4812,onwatch,1454515711
6069,4812,start,1454515723
15149,4812,onwatch,1454520683
15149,4812,start,1454520688
15149,4812,endat4,1454520701
15148,4812,onwatch,1454536327
15148,4812,start,1454536338
12775,4812,finished,1454538027
12775,4812,endat115,1454538032
13819,4812,onwatch,1454538592
13819,4812,start,1454538597
13819,4812,half,1454538929
13819,4812,onwatch,1454539034
13819,4812,start,1454539039
13819,4812,half,1454539045
15148,4812,half,1454539087
15153,4812,onwatch,1454543580
15153,4812,endat0,1454543583
15153,4812,onwatch,1454546389
15153,4812,endat0,1454546514
15153,4812,onwatch,1454546555
14851,4812,onwatch,1454562681
14851,4812,start,1454562708
14851,4812,endat2,1454563387
15047,4812,onwatch,1454563784
15047,4812,start,1454563811
15047,4812,endat32,1454564824
14503,4812,onwatch,1454578449
14503,4812,endat0,1454578460
15170,4812,onwatch,1454609099
15170,4812,endat0,1454609111
15148,4812,onwatch,1454616791
15148,4812,start,1454616990
15148,4812,half,1454617801
15148,4812,endat97,1454626935
15148,4812,endat65,1454627944
14894,4812,onwatch,1454629406
14894,4812,start,1454629410
14894,4812,half,1454633933
14353,4812,onwatch,1454661386
14353,4812,start,1454661400
14353,4812,endat0,1454661444
15082,4812,onwatch,1454683402
15082,4812,start,1454685086
14808,4812,onwatch,1454690267
14808,4812,start,1454690277
8828,4812,onwatch,1454691589
8828,4812,start,1454691595
8828,4812,half,1454693511
8828,4812,endat74,1454694646
8828,4812,onwatch,1454695013
8828,4812,endat0,1454695017
14894,4812,onwatch,1454697056
14894,4812,start,1454697844
14894,4812,half,1454698258
14894,4812,endat78,1454698698
14894,4812,onwatch,1454699132
14894,4812,start,1454699440
14894,4812,half,1454699442
14894,4812,endat105,1454700183
10721,4812,onwatch,1454707355
10721,4812,start,1454707369
10721,4812,onwatch,1454725008
10721,4812,start,1454725038
10721,4812,half,1454727122
10721,4812,finished,1454729763
9552,4812,onwatch,1454863542
15186,4812,onwatch,1454872907
15186,4812,start,1454872915
14409,4812,onwatch,1454924916
14409,4812,start,1454924934
14409,4812,endat0,1454924944
14409,4812,onwatch,1454924945
14409,4812,endat0,1454925054
15054,4812,onwatch,1454953851
15054,4812,start,1454953864
15054,4812,half,1454953869
15054,4812,onwatch,1454954417
15054,4812,start,1454954460
15186,4812,onwatch,1454955524
15186,4812,start,1454955530
15186,4812,half,1454955575
15186,4812,endat83,1454955698
15181,4812,onwatch,1454956475
15181,4812,start,1454956482
15054,4812,half,1454958341
15054,4812,finished,1454961315
15197,4812,onwatch,1454990631
15197,4812,start,1454990639
15197,4812,endat0,1454997307
9081,4812,onwatch,1455034649
9081,4812,start,1455037162
9481,4812,onwatch,1455043170
9481,4812,start,1455043199
9481,4812,endat4,1455043329
9481,4812,onwatch,1455043329
9481,4812,start,1455043535
9481,4812,endat0,1455043618
6,4812,onwatch,1455115182
6,4812,start,1455115186
6,4812,onwatch,1455115195
6,4812,start,1455115198
6,4812,endat0,1455115202
6,4812,endat0,1455115205
10986,4812,onwatch,1455122684
10986,4812,start,1455122688
10986,4812,endat9,1455123154
15128,4812,onwatch,1455129820
15128,4812,start,1455129844
15128,4812,endat0,1455130012
15186,4812,onwatch,1455134318
15186,4812,start,1455134324
15186,4812,half,1455134324
15229,4812,onwatch,1455148552
15229,4812,start,1455148562
15231,4812,onwatch,1455155768
15231,4812,start,1455157356
15231,4812,half,1455160251
15231,4812,finished,1455164521
15231,4812,endat104,1455164529
15219,4812,onwatch,1455182711
15219,4812,start,1455182721
15186,4812,onwatch,1455203770
14808,4812,onwatch,1455213156
14808,4812,start,1455213160
15181,4812,onwatch,1455213190
15226,4812,onwatch,1455214691
15226,4812,start,1455214697
15226,4812,endat0,1455221458
14522,4812,onwatch,1455240987
14522,4812,start,1455241123
14522,4812,half,1455245423
14522,4812,endat82,1455247385
11102,4812,onwatch,1455291524
11102,4812,onwatch,1455291547
11102,4812,onwatch,1455291568
11102,4812,onwatch,1455292083
6,4812,onwatch,1455292198
6,4812,endat0,1455292202
6,4812,onwatch,1455292236
6,4812,start,1455292250
6,4812,endat0,1455292257
3756,4812,onwatch,1455292454
3756,4812,endat0,1455292462
3756,4812,onwatch,1455292462
12632,4812,onwatch,1455297757
12632,4812,start,1455298284
12632,4812,half,1455305617
14522,4812,onwatch,1455306973
14522,4812,start,1455306983
14522,4812,half,1455307028
14522,4812,finished,1455308201
12632,4812,endat102,1455313015
15082,4812,onwatch,1455373743
15082,4812,start,1455373822
15082,4812,half,1455374550
15082,4812,endat80,1455377896
15082,4812,onwatch,1455380868
15082,4812,endat0,1455381878
15066,4812,onwatch,1455432580
15066,4812,endat0,1455432644
15229,4812,endat15,1455459771
14971,4812,endat85,1455553586
15264,4812,start,1455581426
15264,4812,half,1455584363
15264,4812,endat51,1455584460
15264,4812,start,1455584503
15264,4812,half,1455584603
15264,4812,finished,1455590599
13817,4812,onwatch,1455594488
13817,4812,start,1455594494
8423,4812,onwatch,1455610645
8423,4812,endat0,1455611232
13351,4812,onwatch,1455641199
13351,4812,start,1455641214
15264,4812,endat102,1455652153
15181,4812,onwatch,1455662835
15275,4812,onwatch,1455686141
15275,4812,start,1455686157
15275,4812,endat1,1455686215
15275,4812,start,1455686230
15275,4812,endat14,1455686955
6439,4812,onwatch,1455740774
6439,4812,start,1455740779
6439,4812,endat0,1455740972
6439,4812,onwatch,1455741065
6439,4812,start,1455741071
6439,4812,endat0,1455741627
12675,4812,onwatch,1455806462
12675,4812,start,1455806489
12675,4812,half,1455809094
15290,4812,start,1455819847
15290,4812,endat40,1455833443
6439,4812,onwatch,1455835867
6439,4812,start,1455835874
6439,4812,endat0,1455835892
6439,4812,onwatch,1455836096
12675,4812,onwatch,1455836457
12675,4812,half,1455836463
12675,4812,start,1455836463
6439,4812,start,1455838338
6518,4812,onwatch,1455878505
6518,4812,start,1455878624
6518,4812,half,1455881229
6518,4812,finished,1455883828
6518,4812,endat100,1455885714
14630,4812,onwatch,1455906006
14630,4812,endat0,1455906156
15181,4812,endat0,1455922276
15181,4812,onwatch,1455923082
15066,4812,onwatch,1455945079
15066,4812,endat0,1455945226
15307,4812,onwatch,1455954737
15307,4812,start,1455954743
13817,4812,onwatch,1455987633
13817,4812,start,1455987639
13817,4812,half,1455988390
13817,4812,start,1455990710
13817,4812,half,1455990715
13817,4812,endat99,1455991289
15219,4812,onwatch,1456015573
15219,4812,start,1456016024
15219,4812,endat0,1456019014
15315,4812,onwatch,1456024722
15315,4812,start,1456024733
15315,4812,half,1456028313
15315,4812,endat51,1456028366
15312,4812,onwatch,1456069794
15312,4812,endat0,1456070356
15219,4812,onwatch,1456078777
15219,4812,start,1456079242
15219,4812,half,1456081702
15219,4812,endat103,1456084370
14809,4812,onwatch,1456109536
11607,4812,onwatch,1456159988
11607,4812,start,1456160351
11607,4812,endat19,1456162587
15362,4812,start,1456276031
15362,4812,endat2,1456294396
15362,4812,start,1456311938
15362,4812,half,1456314405
15362,4812,onwatch,1456315263
15362,4812,endat51,1456318519
15362,4812,start,1456362460
15362,4812,half,1456363261
15362,4812,endat101,1456380363
14827,4812,onwatch,1456405090
14827,4812,start,1456405120
15338,4812,onwatch,1456407186
15338,4812,start,1456407196
15338,4812,endat5,1456407459
14827,4812,half,1456408580
11298,4812,onwatch,1456422119
11298,4812,start,1456422183
11298,4812,endat0,1456422215
11298,4812,onwatch,1456422216
14522,4812,onwatch,1456427686
11298,4812,endat0,1456446566
15231,4812,onwatch,1456505589
15231,4812,finished,1456505611
15231,4812,start,1456505611
15231,4812,endat0,1456505629
15368,4812,onwatch,1456591916
15368,4812,start,1456591925
15368,4812,half,1456594543
15368,4812,finished,1456597234
15368,4812,endat100,1456602956
14827,4812,endat82,1456683003
10721,4812,onwatch,1456701127
10721,4812,start,1456701150
10721,4812,finished,1456701150
11604,4812,onwatch,1456708405
11604,4812,start,1456708421
11604,4812,endat25,1456710649
15411,4812,start,1456756495
15411,4812,endat9,1456757001
15411,4812,start,1456757042
15411,4812,half,1456759303
6439,4812,endat8,1456764529
15411,4812,endat97,1456781529
15419,4812,onwatch,1456783396
15336,4812,onwatch,1456854295
15336,4812,endat0,1456854702
8496,4812,onwatch,1456874787
13351,4812,onwatch,1456917902
13351,4812,start,1456917906
13351,4812,half,1456919174
13351,4812,endat90,1456923001
15357,4812,onwatch,1456934310
15357,4812,start,1456934315
15357,4812,endat0,1456937064
6439,4812,onwatch,1456941960
14631,4812,onwatch,1456942260
14631,4812,start,1456942264
6439,4812,start,1456942348
15357,4812,onwatch,1456942419
15357,4812,start,1456942422
15357,4812,start,1456943368
15357,4812,half,1456943399
15357,4812,endat103,1456943447
14631,4812,half,1456943681
6439,4812,half,1456944923
14631,4812,endat97,1456946147
6439,4812,finished,1456947522
15224,4812,onwatch,1456964135
15224,4812,start,1456964140
15224,4812,half,1456966820
15224,4812,endat59,1456967391
15224,4812,onwatch,1456967568
15224,4812,start,1456967572
15224,4812,half,1456967572
15224,4812,finished,1456969703
6183,4812,onwatch,1457032533
6183,4812,start,1457032535
6183,4812,onwatch,1457032545
6183,4812,endat16,1457032545
6183,4812,onwatch,1457032546
6183,4812,start,1457032547
6183,4812,endat16,1457032591
15453,4812,onwatch,1457034320
15453,4812,start,1457034324
15453,4812,endat2,1457035316
15453,4812,onwatch,1457039377
15453,4812,start,1457039378
6183,4812,onwatch,1457040802
6183,4812,start,1457040806
6183,4812,half,1457042633
15453,4812,half,1457044215
15453,4812,endat53,1457044216
6183,4812,finished,1457046576
6183,4812,endat117,1457047404
11604,4812,onwatch,1457049238
11604,4812,start,1457049241
11604,4812,half,1457049404
11604,4812,endat93,1457049569
14422,4812,onwatch,1457104389
8157,4812,onwatch,1457134074
8157,4812,start,1457134081
8157,4812,endat16,1457185233
14015,4812,onwatch,1457301026
14015,4812,start,1457301029
14015,4812,endat12,1457304560
15455,4812,onwatch,1457388114
15455,4812,start,1457388128
15358,4812,onwatch,1457394736
15358,4812,start,1457394740
15358,4812,half,1457394741
15358,4812,endat91,1457395399
15455,4812,endat48,1457441134
15469,4812,onwatch,1457478035
15469,4812,start,1457478039
7158,4812,onwatch,1457626439
7158,4812,start,1457626445
6439,4812,endat100,1457631341
7158,4812,endat21,1457634805
7158,4812,onwatch,1457636232
7158,4812,start,1457636234
15381,4812,onwatch,1457646774
15381,4812,endat0,1457646927
15420,4812,onwatch,1457658812
15420,4812,start,1457658818
15420,4812,endat6,1457659176
15420,4812,onwatch,1457659289
15420,4812,start,1457659291
15420,4812,half,1457659598
15420,4812,endat136,1457659878
15496,4812,onwatch,1457705084
15496,4812,onwatch,1457705139
15496,4812,endat0,1457705302
7158,4812,half,1457710331
7158,4812,endat97,1457712805
15357,4812,onwatch,1457718850
15357,4812,half,1457718855
15357,4812,start,1457718855
15357,4812,endat96,1457718868
6183,4812,onwatch,1457809566
6183,4812,start,1457809576
6183,4812,half,1457809576
3756,4812,onwatch,1457979476
3756,4812,onwatch,1457979482
3756,4812,onwatch,1457979499
15336,4812,onwatch,1458050274
15336,4812,start,1458050281
15336,4812,half,1458052502
15336,4812,endat90,1458052516
15532,4812,onwatch,1458075880
15532,4812,endat0,1458075940
15532,4812,onwatch,1458221855
15532,4812,endat0,1458221956
11607,4812,onwatch,1458299496
11607,4812,onwatch,1458306713
15567,4812,onwatch,1458330881
15567,4812,onwatch,1458333413
15567,4812,onwatch,1458335264
15514,4812,onwatch,1458336198
9985,4812,onwatch,1458350777
13914,4812,onwatch,1458559362
15508,4812,onwatch,1458562693
14587,4812,onwatch,1458600677
14993,4812,onwatch,1458660432
14069,4812,onwatch,1458680619
14069,4812,onwatch,1458680697
14808,4812,onwatch,1458745363
14484,4812,onwatch,1458755895
3984,4812,onwatch,1458833593
8157,4812,onwatch,1458852623
6154,4812,onwatch,1458938185
6154,4812,onwatch,1458938196
6154,4812,start,1458938208
15144,4812,onwatch,1459048111
15028,4812,onwatch,1459129919
15165,4812,onwatch,1459184894
14808,4812,onwatch,1459392230
15514,4812,onwatch,1459408573
5785,4812,onwatch,1459695922
15581,4812,onwatch,1459704431
15011,4812,onwatch,1459753120
7158,4812,onwatch,1459778126
7158,4812,onwatch,1459783662
7158,4812,onwatch,1459783701
7158,4812,onwatch,1459783732
7158,4812,onwatch,1459784161
15589,4812,onwatch,1459886549
15581,4812,onwatch,1460057981
7513,4812,onwatch,1460058797
15711,4812,onwatch,1460150553
8558,4812,onwatch,1460151786
15730,4812,onwatch,1460197483
15581,4812,onwatch,1460391244
15581,4812,onwatch,1460391244
13607,4812,onwatch,1460407654
12691,4812,onwatch,1460505785
15736,4812,onwatch,1460525245
15736,4812,onwatch,1460525773
15736,4812,onwatch,1460527654
15736,4812,onwatch,1460527877
15736,4812,onwatch,1460528145
15544,4812,onwatch,1460644809
15788,4812,onwatch,1460733611
15807,4812,onwatch,1461006266
15807,4812,onwatch,1461010612
15807,4812,onwatch,1461014003
15433,4812,onwatch,1461169510
15433,4812,onwatch,1461169633
15433,4812,onwatch,1461169727
15433,4812,onwatch,1461170159
15433,4812,onwatch,1461187239
15691,4812,onwatch,1461266518
15706,4812,onwatch,1461269070
5951,4812,onwatch,1461454793
14808,4812,onwatch,1461679403
6345,4812,onwatch,1461717928
6183,4812,onwatch,1461782922
14808,4812,onwatch,1461851053
14808,4812,onwatch,1461935502
15894,4812,onwatch,1461949850
14808,4812,onwatch,1462195305
8277,4812,onwatch,1462228137
6069,4812,onwatch,1462311349
15035,4812,onwatch,1462368791
15930,4812,onwatch,1462553171
14286,4812,onwatch,1462807782
12303,4812,onwatch,1462828581
12303,4812,onwatch,1462829522
15780,4812,onwatch,1462926512
15914,4812,onwatch,1463056931
15914,4812,onwatch,1463066012
15035,4812,onwatch,1463092938
15035,4812,onwatch,1463229743
15914,4812,onwatch,1463319213
8277,4812,onwatch,1463332794
15203,4812,onwatch,1463863646
16125,4812,onwatch,1464079229
7962,4812,onwatch,1464252666
7918,4812,onwatch,1464631096
16080,4812,onwatch,1464782639
15453,4812,onwatch,1464833639
14286,4812,onwatch,1465213050
16022,4812,onwatch,1465534444
16022,4812,onwatch,1465739958
15811,4812,onwatch,1465847050
15040,4812,onwatch,1466626010
15772,4812,onwatch,1466791701
8891,4812,onwatch,1467111310
8891,4812,start,1467111315
8828,4812,onwatch,1467386610
8828,4812,start,1467386613
8828,4812,half,1467386616
15948,4812,onwatch,1467906187
13969,4812,onwatch,1468343332
13969,4812,start,1468343337
13969,4812,endat28,1468349647
13969,4812,start,1468418188
14131,4812,onwatch,1468779751
14131,4812,endat0,1468779820
16262,4812,onwatch,1468849245
16262,4812,start,1468849250
16262,4812,half,1468849263
16262,4812,endat62,1468849263
16291,4812,onwatch,1468865142
16291,4812,start,1468865146
16291,4812,half,1468869993
16291,4812,endat98,1468876181
16284,4812,onwatch,1469209042
16284,4812,start,1469209049
16284,4812,half,1469214488
16284,4812,endat98,1469223704
6848,4812,onwatch,1469764511
6848,4812,start,1469764521
6366,4812,onwatch,1469784556
6366,4812,endat0,1469784667
16527,4812,onwatch,1470282519
16527,4812,start,1470282526
16527,4812,endat33,1470330678
13969,4812,onwatch,1470836246
13969,4812,start,1470836248
13969,4812,endat39,1470836257
9785,4812,onwatch,1471938406
9785,4812,start,1471938412
9785,4812,half,1471938418
5177,4812,onwatch,1472000035
5177,4812,start,1472000047
5177,4812,half,1472003350
16683,4812,onwatch,1472510559
16683,4812,start,1472510582
16683,4812,half,1472512672
16683,4812,endat102,1472573295
16711,4812,onwatch,1472864827
16711,4812,endat0,1472864841
16711,4812,start,1472864965
16711,4812,endat0,1472869362
6069,4812,onwatch,1472915098
6069,4812,start,1472915104
6069,4812,onwatch,1472998119
6069,4812,start,1472998130
16711,4812,onwatch,1473018439
6069,4812,onwatch,1473020477
6069,4812,start,1473020478
16711,4812,endat0,1473049555
6069,4812,endat12,1473110715
6069,4812,start,1473140318
6069,4812,onwatch,1473173677
6069,4812,start,1473173680
6069,4812,half,1473178310
6069,4812,onwatch,1473307665
6069,4812,start,1473307671
6069,4812,half,1473307679
6069,4812,endat97,1473368149
16711,4812,onwatch,1473470503
16711,4812,endat0,1473481856
16714,4812,onwatch,1473582707
16714,4812,start,1473582719
16714,4812,half,1473586486
16714,4812,endat105,1473668659
16710,4812,onwatch,1473670900
16710,4812,start,1473670905
16710,4812,half,1473683458
16710,4812,endat99,1473684981
11102,4812,onwatch,1473862770
11102,4812,start,1473862776
11102,4812,half,1473870472
11102,4812,endat88,1473872477
4194,4812,onwatch,1473882598
4194,4812,endat0,1473882607
4194,4812,onwatch,1473885411
4194,4812,start,1473885416
4194,4812,endat25,1473887713
16724,4812,onwatch,1474031121
16724,4812,start,1474031128
4194,4812,onwatch,1474053247
4194,4812,start,1474053250
4194,4812,endat25,1474053329
4194,4812,onwatch,1474295032
4194,4812,start,1474295035
4194,4812,half,1474299987
4194,4812,endat59,1474300735
4194,4812,onwatch,1474302644
4194,4812,start,1474302647
4194,4812,half,1474302648
4194,4812,onwatch,1474304104
4194,4812,start,1474304107
4194,4812,half,1474304108
4194,4812,finished,1474309435
4194,4812,endat100,1474311103
16706,4812,onwatch,1474319201
16706,4812,start,1474319231
16706,4812,endat8,1474572491
16706,4812,onwatch,1474675795
16706,4812,start,1474675803
16822,4812,onwatch,1474683091
16822,4812,start,1474767436
16706,4812,onwatch,1474805766
16822,4812,endat17,1474835512
16706,4812,onwatch,1474889350
16706,4812,start,1474893146
4919,4812,onwatch,1474923373
4919,4812,start,1474923530
4919,4812,endat0,1474923551
11361,4812,onwatch,1475116643
11361,4812,start,1475116650
11361,4812,half,1475118621
11361,4812,endat60,1475338014
16347,4812,onwatch,1476039950
16347,4812,start,1476039993
16347,4812,half,1476043223
16347,4812,finished,1476086694
16347,4812,endat102,1476086742
16870,4812,onwatch,1476120474
16870,4812,start,1476120483
16870,4812,half,1476121189
16870,4812,endat128,1476121734
16835,4812,onwatch,1476222635
16835,4812,start,1476222669
16835,4812,half,1476222704
16835,4812,endat96,1476222733
17058,4812,onwatch,1476288150
17058,4812,start,1476288152
17058,4812,endat0,1476288271
17206,4812,onwatch,1477957583
17206,4812,start,1477957590
17206,4812,endat22,1477961594
17135,4812,onwatch,1477965127
17135,4812,start,1477965368
17135,4812,half,1477972974
17135,4812,onwatch,1478011226
17135,4812,start,1478011230
17135,4812,half,1478011233
7602,4812,onwatch,1478487890
7602,4812,start,1478487906
7602,4812,endat0,1478493664
16858,4812,onwatch,1478619626
16858,4812,start,1478619630
16858,4812,onwatch,1478621335
16858,4812,start,1478621340
16858,4812,endat14,1478621651
16858,4812,endat43,1478623053
4857,4812,onwatch,1479079653
4857,4812,start,1479079656
4857,4812,half,1479079716
4857,4812,endat98,1479079743
17322,4812,start,1479330751
17322,4812,half,1479335441
17322,4812,endat87,1479336981
17348,4812,onwatch,1479688151
17348,4812,endat0,1479689695
15186,4812,onwatch,1479726245
15186,4812,start,1479726247
15186,4812,endat42,1479726297
15186,4812,onwatch,1479762592
15186,4812,start,1479762609
15186,4812,endat48,1479763012
15186,4812,half,1479763018
15186,4812,onwatch,1479763023
15186,4812,start,1479763029
15186,4812,half,1479763119
16822,4812,onwatch,1480022759
16822,4812,start,1480022762
16822,4812,endat30,1480044318
11836,4812,onwatch,1480339932
11836,4812,start,1480339938
11836,4812,onwatch,1480358674
11836,4812,half,1480358709
11836,4812,start,1480358755
11836,4812,half,1480360121
11836,4812,endat98,1480362649
17374,4812,onwatch,1480426815
17374,4812,endat0,1480432220
17374,4812,onwatch,1480432228
17374,4812,endat0,1480432232
17374,4812,endat0,1480432244
17374,4812,endat0,1480432244
17374,4812,endat0,1480432245
15143,4812,onwatch,1480806315
15143,4812,endat0,1480806321
16822,4812,onwatch,1480931716
16822,4812,start,1480931719
4857,4812,onwatch,1482262963
4857,4812,start,1482262965
4857,4812,half,1482265726
4857,4812,endat60,1482303516
17511,4812,onwatch,1482351409
17511,4812,start,1482351426
17511,4812,start,1482351431
17511,4812,half,1482354260
17436,4812,onwatch,1482358229
17436,4812,start,1482358248
17436,4812,half,1482360873
17436,4812,endat98,1482363411
17551,4812,start,1482463787
17551,4812,half,1482473139
17551,4812,finished,1482477263
17511,4812,endat76,1482511716
17551,4812,endat107,1482512055
15478,4812,onwatch,1483542176
15478,4812,start,1483544374
15478,4812,half,1483561614
15478,4812,endat51,1483561726
15478,4812,onwatch,1483561727
15478,4812,start,1483561729
15478,4812,half,1483561825
15478,4812,finished,1483567005
15478,4812,endat108,1483567005
14784,4812,onwatch,1483721654
14784,4812,start,1483721656
14784,4812,half,1483721658
14784,4812,endat131,1483731614
5756,4812,onwatch,1483813724
5756,4812,start,1483813735
5756,4812,half,1483819252
5756,4812,onwatch,1483828713
5756,4812,start,1483828715
5756,4812,half,1483828718
5756,4812,endat54,1483828900
17677,4812,onwatch,1484458831
17677,4812,start,1484458859
17677,4812,endat0,1484459211
4479,4812,onwatch,1484759567
4479,4812,start,1484759570
4479,4812,endat13,1484759607
14608,4812,onwatch,1484940679
14608,4812,start,1484940702
14608,4812,half,1484943307
14608,4812,endat84,1484946570
15006,4812,start,1485305181
15006,4812,endat2,1485306300
15006,4812,start,1485306396
15006,4812,half,1485312317
15006,4812,endat99,1485314799
3806,4812,onwatch,1485702151
3806,4812,start,1485702154
3806,4812,endat6,1485702332
3806,4812,endat9,1485702336
12023,4812,onwatch,1485706303
12023,4812,endat0,1485725053
12023,4812,endat0,1485728230
17766,4812,onwatch,1485792058
17766,4812,start,1485792063
17766,4812,half,1485796405
17766,4812,endat102,1485809145
17315,4812,onwatch,1485879230
17315,4812,endat0,1485879271
16188,4812,onwatch,1485958618
16188,4812,start,1485958634
16188,4812,onwatch,1486020238
16188,4812,start,1486020247
16188,4812,half,1486022948
16188,4812,endat65,1486023939
4531,4812,onwatch,1486070580
4531,4812,onwatch,1486070586
4531,4812,start,1486070590
16188,4812,onwatch,1486450909
16188,4812,start,1486451263
16188,4812,half,1486451271
4857,4812,onwatch,1486663061
4857,4812,start,1486663063
4857,4812,half,1486663066
4857,4812,endat159,1486668687
5329,4812,onwatch,1486994959
5329,4812,start,1486995922
5329,4812,endat0,1486996015
5102,4812,onwatch,1487308564
5102,4812,endat0,1487308571
17925,4812,start,1487580561
17925,4812,half,1487583167
17925,4812,finished,1487585765
5102,4812,onwatch,1487695928
17956,4812,onwatch,1488047352
17956,4812,start,1488047360
17956,4812,half,1488050296
17956,4812,endat100,1488052926
17956,4812,onwatch,1488111948
17956,4812,start,1488111952
17956,4812,half,1488111952
17956,4812,endat96,1488111957
18027,4812,start,1488982020
10987,4812,onwatch,1489191158
10987,4812,start,1489191168
10987,4812,half,1489193830
10987,4812,endat93,1489215247
18003,4812,onwatch,1489524428
18003,4812,endat0,1489524692
15199,4812,onwatch,1490664744
15199,4812,start,1490664750
4857,4812,onwatch,1490682685
4857,4812,start,1490682696
4596,4812,onwatch,1490807117
4596,4812,start,1490807854
4596,4812,endat6,1490808200
4596,4812,onwatch,1490808250
4596,4812,start,1490808251
4596,4812,endat49,1490818088
17759,4812,onwatch,1490933094
17759,4812,start,1490933112
17759,4812,half,1490952492
17759,4812,endat97,1491016810
18211,4812,start,1491606601
18211,4812,endat2,1491781808
18332,4812,onwatch,1493373239
18332,4812,onwatch,1493376943
12203,4812,onwatch,1493764899
12203,4812,start,1493764915
12203,4812,half,1493767182
12203,4812,endat41,1493811104
12203,4812,onwatch,1493811105
12203,4812,start,1493811107
12203,4812,half,1493811108
12203,4812,finished,1493812343
12203,4812,onwatch,1493826542
12203,4812,start,1493826544
12203,4812,half,1493826547
12203,4812,finished,1493829374
12203,4812,endat163,1493829537
17449,4812,onwatch,1494000515
17449,4812,start,1494000521
17449,4812,onwatch,1494000543
17449,4812,start,1494000544
17449,4812,onwatch,1494000801
17449,4812,onwatch,1494000807
17449,4812,start,1494000814
17449,4812,onwatch,1494002016
17449,4812,start,1494002017
17449,4812,half,1494003137
17449,4812,half,1494003143
17449,4812,half,1494003314
17449,4812,endat66,1494004238
17449,4812,endat70,1494004352
17449,4812,finished,1494005735
17449,4812,endat100,1494019020
4150,4812,onwatch,1494795634
4150,4812,start,1494795650
3782,4812,onwatch,1494961659
3782,4812,onwatch,1494961660
3782,4812,start,1494961682
3782,4812,start,1494961694
3782,4812,endat32,1494966969
18332,4812,onwatch,1494970969
18332,4812,onwatch,1494972781
18332,4812,onwatch,1494976534
18332,4812,onwatch,1494976705
18332,4812,onwatch,1494977143
18332,4812,onwatch,1494977227
18332,4812,onwatch,1494977426
18332,4812,onwatch,1494977541
18332,4812,onwatch,1494977574
18332,4812,onwatch,1494977916
18332,4812,onwatch,1494979589
18332,4812,onwatch,1494979806
18332,4812,onwatch,1494980098
18332,4812,onwatch,1494980503
18332,4812,onwatch,1494980785
18332,4812,onwatch,1494981046
18332,4812,onwatch,1494981342
18332,4812,onwatch,1494981695
18332,4812,onwatch,1494982209
18332,4812,onwatch,1494982404
18332,4812,onwatch,1494982922
18332,4812,onwatch,1494983136
17910,4812,onwatch,1495469738
17910,4812,start,1495469742
17910,4812,endat12,1495469853
7158,4812,onwatch,1495484988
7158,4812,start,1495484991
7158,4812,endat13,1495485153
7158,4812,onwatch,1495544921
7158,4812,start,1495544932
7158,4812,half,1495547622
7158,4812,endat90,1495562788
16376,4812,onwatch,1495688107
16376,4812,endat0,1495688123
16376,4812,onwatch,1495688123
16376,4812,start,1495688128
16376,4812,endat0,1495688136
18621,4812,onwatch,1496039027
18621,4812,endat0,1496039099
6848,4812,onwatch,1497116248
6848,4812,start,1497116324
14716,4812,onwatch,1497369553
14716,4812,start,1497369822
14716,4812,endat0,1497371881
14716,4812,onwatch,1497371887
14716,4812,start,1497371897
14716,4812,half,1497374504
9774,4812,onwatch,1497462259
9774,4812,start,1497462268
9774,4812,half,1497465022
9774,4812,endat97,1497476173
3782,4812,onwatch,1497734681
3782,4812,start,1497734683
3782,4812,endat41,1497735067
3782,4812,start,1497735075
3782,4812,half,1497735515
3782,4812,endat56,1497735862
9774,4812,onwatch,1498060497
9774,4812,start,1498060499
9774,4812,half,1498060502
5438,4812,onwatch,1498168543
5438,4812,start,1498168550
4370,4812,onwatch,1498247713
4370,4812,start,1498247716
14634,4812,onwatch,1498248630
14634,4812,start,1498248632
14634,4812,half,1498248634
4370,4812,half,1498251298
4370,4812,endat100,1498253010
18746,4812,start,1498255687
18567,4812,onwatch,1498321982
18567,4812,start,1498321993
18567,4812,endat0,1498322238
18567,4812,onwatch,1498322240
18567,4812,start,1498322240
18567,4812,start,1498322374
18567,4812,endat0,1498325820
18567,4812,onwatch,1498325821
18567,4812,start,1498325829
18567,4812,onwatch,1498411937
18567,4812,onwatch,1498506512
18567,4812,start,1498506523
18567,4812,endat0,1498506533
18567,4812,onwatch,1498506536
18567,4812,start,1498506547
18567,4812,endat0,1498507128
18567,4812,onwatch,1498507130
18567,4812,endat0,1498507132
18567,4812,onwatch,1498507148
18567,4812,start,1498507153
18567,4812,half,1498510183
18567,4812,endat54,1498510419
18567,4812,onwatch,1498510423
18567,4812,start,1498510423
18567,4812,start,1498510433
18567,4812,half,1498510436
18567,4812,endat119,1498515229
18749,4812,onwatch,1498577433
18749,4812,start,1498577439
18749,4812,half,1498579962
18749,4812,endat97,1498582604
18746,4812,onwatch,1498596436
18746,4812,endat0,1498603587
14884,4812,onwatch,1498754277
14884,4812,start,1498754285
14884,4812,half,1498754288
18764,4812,onwatch,1498779533
18764,4812,start,1498779543
18764,4812,endat0,1498779556
7962,4812,onwatch,1498812164
7962,4812,start,1498812165
7962,4812,endat48,1498828350
6200,4812,start,1498918614
6200,4812,half,1498924639
6200,4812,finished,1498927909
14884,4812,endat97,1498929426
6200,4812,endat100,1499185120
18795,4812,onwatch,1499282569
18795,4812,start,1499282578
18795,4812,half,1499285310
18795,4812,endat73,1499286553
14884,4812,onwatch,1499420163
14884,4812,start,1499420166
14884,4812,half,1499420170
14884,4812,endat126,1499422249
18905,4812,start,1501089357
18905,4812,endat3,1501089592
18905,4812,start,1501089594
18905,4812,half,1501092756
18905,4812,finished,1501095416
18905,4812,endat101,1501096604
18920,4812,onwatch,1501231858
18920,4812,start,1501232510
18920,4812,half,1501235574
18920,4812,endat100,1501238742
18965,4812,onwatch,1502158103
18965,4812,endat0,1502158174
8812,4812,onwatch,1502962871
8812,4812,start,1502962998
8812,4812,half,1502970333
8812,4812,endat69,1502972735
3756,4812,onwatch,1503412241
3756,4812,start,1503412253
18633,4812,onwatch,1504814196
18633,4812,start,1504814213
18633,4812,endat0,1504814217
19224,4812,onwatch,1506694939
19224,4812,endat0,1506694985
19297,4812,onwatch,1509239570
19297,4812,start,1509239592
19297,4812,half,1509243009
19297,4812,endat97,1509244879
19023,4812,onwatch,1511349566
19023,4812,endat0,1511349696
17793,4812,onwatch,1514053980
17793,4812,endat0,1514054000
17793,4812,onwatch,1514132428
17793,4812,endat0,1514132436
5756,4812,onwatch,1514300999
5756,4812,start,1514301002
5756,4812,half,1514301006
5756,4812,onwatch,1514404149
5756,4812,start,1514404154
5756,4812,endat40,1514406778
5756,4812,onwatch,1514406779
5756,4812,start,1514406784
5756,4812,half,1514408578
5756,4812,endat97,1514411626
4857,4812,onwatch,1514665272
4857,4812,start,1514665276
4857,4812,onwatch,1514669115
4857,4812,start,1514669119
19667,4812,onwatch,1517628083
19667,4812,onwatch,1517629906
19667,4812,endat0,1517630516
19667,4812,onwatch,1517638984
19667,4812,onwatch,1517650409
19655,4812,onwatch,1518591090
19655,4812,endat0,1518591103
19713,4812,onwatch,1519160116
19713,4812,start,1519160121
19713,4812,endat39,1519167776
19713,4812,onwatch,1519246307
19713,4812,start,1519246309
19713,4812,half,1519246797
19713,4812,endat89,1519246812
14716,4812,onwatch,1519305714
14716,4812,start,1519305720
14716,4812,half,1519305724
14716,4812,finished,1519310744
14716,4812,endat100,1519313716
14716,4812,endat128,1519313721
14815,4812,onwatch,1521061844
14815,4812,start,1521061849
14815,4812,half,1521065328
19787,4812,onwatch,1521427967
19787,4812,endat0,1521428032
3857,4812,onwatch,1522770467
3857,4812,start,1522770476
3857,4812,half,1522773751
3857,4812,finished,1522777719
3857,4812,endat100,1522777722
19898,4812,onwatch,1522936669
19898,4812,start,1522936677
19898,4812,endat23,1522937895
19898,4812,onwatch,1522937923
19898,4812,start,1522937929
19898,4812,endat25,1522939790
19898,4812,onwatch,1522942500
19898,4812,start,1522942510
19898,4812,onwatch,1522942546
19898,4812,start,1522942556
19898,4812,endat24,1522942564
19899,4812,onwatch,1523122044
19899,4812,start,1523123319
19899,4812,half,1523123362
19899,4812,endat95,1523123475
19898,4812,endat30,1523255258
19898,4812,onwatch,1523337361
19898,4812,start,1523337365
19898,4812,endat30,1523346948
19898,4812,onwatch,1525093158
19898,4812,endat0,1525093165
8667,4812,onwatch,1525409887
8667,4812,start,1525409889
8667,4812,half,1525409894
8667,4812,endat85,1525420087
5204,4812,onwatch,1525885984
5204,4812,start,1525885989
5204,4812,half,1525894916
5204,4812,endat101,1525963058
5204,4812,endat139,1525963064
5204,4812,endat178,1525963064
17200,4812,onwatch,1527021978
17200,4812,endat0,1527023140
20051,4812,onwatch,1529768892
20051,4812,endat0,1529769247
20079,4812,onwatch,1529875016
20079,4812,start,1529875022
20079,4812,endat45,1529878476
20079,4812,onwatch,1529878594
20079,4812,start,1529878598
20079,4812,half,1529881952
20079,4812,endat96,1529884158
20079,4812,onwatch,1529884158
20079,4812,start,1529884163
20079,4812,half,1529884164
20079,4812,endat97,1529885197
14834,4812,onwatch,1531495771
15478,4812,onwatch,1531498334
15478,4812,start,1531498337
15478,4812,half,1531498338
14834,4812,start,1531514941
14834,4812,onwatch,1531519909
14834,4812,start,1531519912
14834,4812,onwatch,1531522350
14834,4812,onwatch,1531522350
14834,4812,start,1531522352
14834,4812,half,1531524438
14834,4812,endat122,1531544123
16232,4812,onwatch,1531636983
16232,4812,start,1531637004
16232,4812,endat23,1531645066
16232,4812,onwatch,1531652525
16232,4812,start,1531652528
16232,4812,endat31,1531653087
16232,4812,onwatch,1531653111
16232,4812,start,1531653114
16232,4812,half,1531654106
16232,4812,endat71,1531705333
16232,4812,endat71,1531705335
8756,4812,onwatch,1531777852
8756,4812,start,1531777858
8756,4812,half,1531781812
14834,4812,onwatch,1531851698
14834,4812,start,1531851700
14834,4812,half,1531851703
20074,4812,onwatch,1531859457
20074,4812,start,1531859462
20074,4812,endat37,1531929718
14834,4812,endat97,1532037064
8934,4812,onwatch,1532050113
8934,4812,start,1532050118
8934,4812,endat31,1532051828
8934,4812,half,1532051829
6474,4812,onwatch,1532095665
6474,4812,start,1532095669
6474,4812,half,1532098626
6474,4812,finished,1532101980
6474,4812,endat100,1532102018
14646,4812,onwatch,1532799237
14646,4812,start,1532799244
14646,4812,endat36,1532899303
14646,4812,onwatch,1532899304
14646,4812,start,1532899307
14646,4812,endat31,1532968701
16116,4812,onwatch,1533047540
16116,4812,start,1533047548
14646,4812,onwatch,1533166469
14646,4812,start,1533166501
14646,4812,onwatch,1533226085
8891,4812,onwatch,1534172539
8891,4812,start,1534172541
8891,4812,half,1534238014
8891,4812,finished,1534247719
8891,4812,endat114,1534248181
6697,4812,onwatch,1534456643
6697,4812,start,1534456653
20104,4812,onwatch,1536294698
20104,4812,endat0,1536295197
4554,4812,onwatch,1536534895
4554,4812,start,1536534900
4554,4812,endat0,1536534914
4554,4812,onwatch,1536852649
4554,4812,endat0,1536852662
